3 0.500000 0.072917 1.000000 0.056833
23 0.839247 0.147094 0.039681 0.014156
21 0.715323 0.147150 0.029167 0.013778
67 0.420793 0.858525 0.158469 0.042628
61 0.499979 0.376722 0.129250 0.045644
62 0.500023 0.550392 0.316774 0.071483
1 0.135075 0.146639 0.170510 0.061722
63 0.499944 0.605969 0.316826 0.124594
65 0.499929 0.766064 0.316872 0.124594
24 0.887054 0.148342 0.033170 0.017317
60 0.499896 0.623917 0.450208 0.752167
5 0.499981 0.146422 0.999962 0.090667
66 0.643040 0.725044 0.030385 0.042389
64 0.485108 0.714650 0.286979 0.062611
22 0.774696 0.148361 0.066476 0.017300
2 0.500000 0.022139 1.000000 0.044278
7 0.929712 0.146936 0.040819 0.018806
