18 0.836095 0.155656 0.211253 0.311311
16 0.393486 0.067561 0.210521 0.135122
16 0.614524 0.067222 0.210521 0.134444
16 0.836410 0.067561 0.210521 0.135122
16 0.835951 0.462761 0.210521 0.267656
16 0.614490 0.462761 0.210521 0.267656
16 0.393451 0.462083 0.210521 0.267656
9 0.137696 0.049636 0.180441 0.099272
11 0.137356 0.049044 0.178427 0.098089
18 0.836113 0.536375 0.211253 0.416472
18 0.393054 0.536081 0.211253 0.416472
18 0.614547 0.536292 0.211253 0.416472
18 0.614609 0.155619 0.211253 0.310606
18 0.393148 0.156278 0.211253 0.309700
17 0.349665 0.204572 0.101094 0.031567
17 0.571359 0.204592 0.101094 0.031572
17 0.793059 0.230994 0.101090 0.031567
17 0.349767 0.664300 0.101090 0.031567
17 0.571620 0.664381 0.101094 0.031572
17 0.793050 0.664325 0.101094 0.031572
13 0.500000 0.924306 1.000000 0.151389
15 0.469727 0.288086 0.033656 0.015861
15 0.694990 0.288061 0.026319 0.015778
15 0.913413 0.288050 0.031410 0.015922
15 0.914535 0.721378 0.030243 0.015722
15 0.692064 0.721406 0.032378 0.015944
15 0.469797 0.721419 0.033545 0.015683
19 0.351710 0.168400 0.103385 0.020644
19 0.568550 0.168058 0.094427 0.020883
19 0.822557 0.181494 0.159191 0.048122
19 0.326726 0.627031 0.053215 0.016894
19 0.564861 0.626747 0.087292 0.016894
19 0.785655 0.626953 0.086052 0.016894
75 0.339094 0.783289 0.119868 0.042167
