23 0.839271 0.147108 0.039681 0.014171
7 0.929892 0.147208 0.040819 0.018821
63 0.499882 0.606638 0.316826 0.124733
61 0.500049 0.376874 0.129250 0.045695
65 0.499943 0.766905 0.316872 0.124733
62 0.499993 0.551115 0.316771 0.071563
60 0.500069 0.624113 0.450104 0.751774
2 0.500000 0.022108 1.000000 0.044216
3 0.500000 0.072998 1.000000 0.057119
21 0.715438 0.147347 0.029167 0.013793
67 0.420842 0.859288 0.158469 0.042681
24 0.887050 0.148601 0.033170 0.017336
5 0.500219 0.147303 0.999201 0.090768
22 0.774825 0.148293 0.066476 0.017319
1 0.134786 0.146385 0.170510 0.061791
66 0.643118 0.725793 0.030611 0.042442
64 0.484986 0.715684 0.286979 0.062681
