15 0.693000 0.943596 0.030375 0.016023
18 0.393005 0.309961 0.211010 0.445617
18 0.614510 0.310039 0.211243 0.445439
11 0.138656 0.492316 0.178243 0.862419
15 0.691236 0.048134 0.033625 0.015701
15 0.468995 0.048120 0.035031 0.015829
75 0.351080 0.992080 0.144215 0.015840
16 0.393649 0.684166 0.210521 0.267953
16 0.615521 0.683115 0.210521 0.267953
16 0.836733 0.683115 0.210521 0.267953
15 0.913606 0.048048 0.032233 0.015751
9 0.155507 0.461179 0.213812 0.922358
15 0.912948 0.509121 0.033403 0.015851
15 0.471035 0.943660 0.031354 0.016073
19 0.834783 0.400492 0.183976 0.044956
19 0.786436 0.848484 0.087198 0.017714
19 0.564087 0.848312 0.086132 0.017058
17 0.349694 0.886218 0.101090 0.031602
17 0.571540 0.886783 0.101094 0.031607
17 0.793042 0.886135 0.101090 0.031602
17 0.793033 0.452230 0.101094 0.031602
17 0.571411 0.425645 0.101094 0.031602
17 0.349689 0.425609 0.101094 0.031607
19 0.567326 0.387456 0.092083 0.017191
19 0.347120 0.850083 0.094927 0.020912
15 0.691318 0.509163 0.033552 0.015501
15 0.469125 0.509093 0.035153 0.015662
18 0.835878 0.309992 0.211271 0.445345
16 0.836076 0.221532 0.210521 0.267948
16 0.614865 0.221532 0.210521 0.267948
10 0.155825 0.020437 0.213260 0.040873
19 0.358134 0.389004 0.116858 0.020912
18 0.393155 0.757820 0.211253 0.417464
18 0.614665 0.757581 0.211253 0.417464
18 0.836016 0.758165 0.211253 0.417464
16 0.392993 0.221532 0.210521 0.267948
15 0.913542 0.943543 0.032326 0.015851
