48 0.382517 0.422028 0.201896 0.071700
58 0.491887 0.922217 0.420531 0.094122
21 0.715354 0.147022 0.029167 0.013778
1 0.135068 0.147317 0.170510 0.061722
56 0.491724 0.762242 0.420191 0.177983
24 0.887030 0.148267 0.033170 0.017322
47 0.499948 0.631944 0.599896 0.736111
3 0.500000 0.072778 1.000000 0.057333
22 0.774745 0.148600 0.066476 0.017300
7 0.929793 0.146667 0.040816 0.018800
5 0.500646 0.147306 0.998708 0.090667
54 0.491611 0.517731 0.420208 0.071450
2 0.500000 0.022056 1.000000 0.044111
50 0.600819 0.422483 0.201799 0.070900
23 0.839465 0.147250 0.039681 0.014156
52 0.491760 0.613058 0.420306 0.071628
