21 0.715476 0.038683 0.029167 0.013778
13 0.500000 0.924806 1.000000 0.150389
61 0.500142 0.268600 0.129250 0.045644
62 0.499936 0.441814 0.316774 0.071483
1 0.134651 0.038708 0.170510 0.061717
64 0.484418 0.533189 0.285538 0.062611
60 0.500214 0.466653 0.450024 0.654072
66 0.642483 0.543325 0.031979 0.042394
23 0.839302 0.038561 0.039681 0.014156
5 0.500000 0.042139 1.000000 0.084278
67 0.420967 0.603314 0.158469 0.042628
24 0.887069 0.039814 0.033167 0.017317
7 0.929944 0.038700 0.040819 0.018800
22 0.774925 0.040472 0.066476 0.017300
