70 0.500028 0.430331 0.316215 0.071750
23 0.839337 0.147283 0.039681 0.014156
3 0.500000 0.072806 1.000000 0.057278
72 0.420875 0.505039 0.158542 0.042578
2 0.500000 0.022083 1.000000 0.044167
22 0.774752 0.148644 0.066476 0.017300
69 0.500007 0.435275 0.450118 0.342228
21 0.715337 0.147011 0.029167 0.013778
24 0.887016 0.148239 0.033170 0.017322
5 0.500000 0.147111 1.000000 0.090667
7 0.929898 0.146733 0.040816 0.018800
13 0.500000 0.751744 1.000000 0.151167
1 0.134937 0.146428 0.170514 0.061722
