18 0.393362 0.535956 0.211414 0.417022
16 0.836908 0.067019 0.210667 0.134039
11 0.137507 0.350431 0.178127 0.700861
17 0.571906 0.664272 0.101164 0.031567
17 0.349795 0.664761 0.101161 0.031567
17 0.349997 0.203664 0.101161 0.031572
17 0.572036 0.203783 0.101161 0.031567
17 0.793673 0.230506 0.101161 0.031567
45 0.861803 0.699858 0.249910 0.556050
15 0.695441 0.287561 0.026407 0.015889
18 0.615069 0.536100 0.211418 0.417022
15 0.470153 0.721456 0.033530 0.015944
19 0.326993 0.626606 0.053242 0.016889
18 0.836699 0.155333 0.211418 0.310667
15 0.470177 0.287486 0.033669 0.015950
16 0.615024 0.460853 0.210667 0.267650
16 0.394006 0.460853 0.210667 0.267650
18 0.615028 0.155431 0.211418 0.310861
18 0.393370 0.155361 0.211418 0.310722
16 0.393145 0.067019 0.210667 0.134039
13 0.368381 0.924472 0.736762 0.151056
75 0.363666 0.783178 0.168596 0.042167
9 0.154529 0.352742 0.218586 0.705483
16 0.614166 0.066333 0.210667 0.132667
19 0.565255 0.626000 0.087349 0.017111
19 0.823094 0.180944 0.159371 0.047667
19 0.568959 0.167594 0.094117 0.020811
19 0.352069 0.167703 0.103367 0.020928
16 0.836689 0.374589 0.210667 0.091267
15 0.692476 0.721444 0.032470 0.015544
15 0.913989 0.287544 0.031341 0.015833
