19 0.769392 0.662203 0.052535 0.016894
15 0.470462 0.323111 0.031007 0.015889
15 0.915271 0.756961 0.028681 0.015778
15 0.691861 0.756900 0.032743 0.015778
18 0.614550 0.173150 0.211253 0.346300
18 0.836179 0.173011 0.211253 0.346022
18 0.836134 0.571461 0.211253 0.417000
18 0.614717 0.571600 0.211253 0.417000
18 0.393050 0.571594 0.211253 0.417000
18 0.392946 0.173172 0.211253 0.346344
19 0.582351 0.229814 0.121549 0.020817
19 0.316898 0.227903 0.033288 0.016894
15 0.693771 0.323028 0.028806 0.015811
15 0.915467 0.322964 0.028483 0.015872
19 0.787823 0.228108 0.089007 0.016894
19 0.351575 0.662039 0.103309 0.016889
19 0.570736 0.663850 0.097972 0.020633
16 0.393247 0.497147 0.210521 0.267650
16 0.614708 0.496467 0.210521 0.267656
16 0.836170 0.496467 0.210521 0.267656
16 0.835844 0.098239 0.210521 0.196478
16 0.614458 0.097847 0.210521 0.195694
15 0.469740 0.757011 0.033750 0.016000
16 0.393257 0.097981 0.210521 0.195961
9 0.138318 0.388000 0.181003 0.751889
75 0.351148 0.818886 0.144219 0.042161
17 0.792835 0.700017 0.101094 0.031567
17 0.571479 0.699917 0.101090 0.031567
17 0.349849 0.700119 0.101094 0.031572
17 0.793238 0.265953 0.101094 0.031572
17 0.571561 0.266442 0.101094 0.031572
17 0.349932 0.266408 0.101094 0.031572
11 0.137179 0.388500 0.176198 0.749889
13 0.500000 0.942139 1.000000 0.115722
