18 0.837217 0.720706 0.211547 0.446501
18 0.393507 0.720884 0.211547 0.446501
18 0.837342 0.258025 0.211547 0.446507
18 0.615412 0.257983 0.211547 0.446501
15 0.471036 0.457765 0.031474 0.015921
9 0.157001 0.518437 0.214113 0.963125
10 0.156424 0.368750 0.213557 0.110647
17 0.794233 0.863301 0.101234 0.031713
17 0.571794 0.836345 0.101231 0.031708
17 0.350196 0.836336 0.101234 0.031713
17 0.794240 0.373744 0.101234 0.031708
17 0.572036 0.373418 0.101234 0.031713
17 0.350516 0.400873 0.101234 0.031713
20 0.156846 0.231867 0.213630 0.122952
18 0.615555 0.720801 0.211547 0.446501
19 0.343091 0.798225 0.086071 0.016964
19 0.787500 0.336060 0.087309 0.017277
15 0.472124 0.920547 0.030250 0.015815
19 0.549039 0.336339 0.053383 0.016964
19 0.379936 0.351529 0.159252 0.047946
19 0.569480 0.800017 0.094767 0.021730
19 0.835954 0.811652 0.184002 0.044888
15 0.693437 0.920547 0.031339 0.015882
15 0.914167 0.920382 0.033564 0.015765
15 0.914837 0.457868 0.032510 0.015848
16 0.393898 0.169780 0.210814 0.268845
16 0.615529 0.169780 0.210814 0.268845
16 0.837580 0.169780 0.210814 0.268845
16 0.837643 0.632985 0.210814 0.268850
16 0.615382 0.632397 0.210814 0.268845
16 0.393491 0.632397 0.210814 0.268845
15 0.692291 0.457921 0.033644 0.015765
8 0.156704 0.092606 0.213178 0.111629
11 0.103122 0.721833 0.107524 0.556334
18 0.393514 0.258008 0.211547 0.446507
