18 0.393770 0.219850 0.211695 0.417929
16 0.615856 0.580423 0.210960 0.268252
16 0.837898 0.580423 0.210960 0.268252
16 0.838466 0.146047 0.210960 0.268252
18 0.615722 0.219855 0.211695 0.417929
18 0.393773 0.667926 0.211695 0.445329
9 0.157342 0.505735 0.214259 0.988530
16 0.615856 0.145139 0.210960 0.268252
16 0.394384 0.146047 0.210960 0.268252
19 0.385579 0.312503 0.170456 0.021208
19 0.557089 0.310688 0.069398 0.017600
19 0.794114 0.313051 0.100219 0.020935
19 0.358815 0.746993 0.117164 0.020935
19 0.568598 0.745228 0.092310 0.017004
19 0.836623 0.758371 0.184582 0.044727
10 0.156388 0.343268 0.213702 0.110401
15 0.470073 0.867160 0.035122 0.015802
15 0.692756 0.867266 0.033820 0.015913
15 0.914781 0.867222 0.033612 0.015702
17 0.794859 0.810509 0.101305 0.031643
17 0.572251 0.784145 0.101301 0.031643
17 0.350588 0.783210 0.101301 0.031643
17 0.794868 0.348552 0.101301 0.031637
17 0.572530 0.348143 0.101301 0.031643
17 0.350915 0.348778 0.101301 0.031643
20 0.156881 0.206790 0.213782 0.122678
8 0.156788 0.067453 0.213326 0.111386
18 0.837924 0.219900 0.211695 0.417929
15 0.915496 0.405654 0.032293 0.015930
15 0.692747 0.405607 0.033740 0.015880
15 0.469991 0.405690 0.035418 0.015913
18 0.837827 0.667790 0.211632 0.445379
18 0.615863 0.667845 0.211684 0.445713
16 0.838051 0.954287 0.209687 0.091425
11 0.111848 0.709048 0.124043 0.581904
16 0.615997 0.954287 0.209690 0.091425
16 0.393659 0.954307 0.209690 0.091386
16 0.393814 0.580423 0.210960 0.268252
