28 0.728306 0.566972 0.441271 0.285944
19 0.591997 0.237314 0.167042 0.032906
1 0.134608 0.146539 0.170514 0.061722
6 0.891939 0.141736 0.025406 0.028861
16 0.327399 0.565117 0.328951 0.710878
23 0.800990 0.147111 0.039681 0.014156
22 0.736321 0.148428 0.066476 0.017300
3 0.500000 0.072806 1.000000 0.056944
30 0.554016 0.802194 0.091552 0.042811
2 0.500000 0.022111 1.000000 0.044222
15 0.524007 0.330361 0.030306 0.015933
7 0.929771 0.146683 0.040819 0.018800
21 0.676878 0.147050 0.029167 0.013778
24 0.848724 0.148269 0.033170 0.017317
33 0.551773 0.751128 0.087066 0.042778
31 0.661703 0.802283 0.123927 0.042567
17 0.571526 0.380939 0.126191 0.039778
32 0.766924 0.802256 0.086611 0.042556
5 0.499986 0.146764 0.999972 0.089750
29 0.571128 0.286919 0.125729 0.023017
26 0.555557 0.600914 0.792288 0.798172
