34 0.678847 0.625428 0.169000 0.395167
34 0.857410 0.625139 0.169000 0.395167
32 0.766878 0.092222 0.086611 0.042556
16 0.857323 0.562850 0.167264 0.267833
19 0.633283 0.728111 0.052545 0.017211
27 0.258856 0.235283 0.417059 0.177789
31 0.661609 0.092206 0.123927 0.042567
16 0.142451 0.562211 0.167264 0.267833
19 0.478500 0.741317 0.100958 0.044556
19 0.309469 0.727953 0.120201 0.017083
19 0.115575 0.728039 0.089302 0.017356
30 0.553972 0.092367 0.091549 0.042811
33 0.551731 0.040961 0.087066 0.042778
26 0.500733 0.413153 0.903535 0.826306
35 0.496309 0.604192 0.892243 0.439728
19 0.808092 0.728025 0.044927 0.017228
16 0.321354 0.563739 0.167264 0.267833
13 0.500000 0.924833 1.000000 0.150333
16 0.500010 0.561961 0.167264 0.267833
34 0.142974 0.625750 0.168997 0.395167
34 0.321304 0.624750 0.168997 0.395167
16 0.678667 0.562850 0.167264 0.267833
34 0.500224 0.625264 0.168997 0.395172
