7 0.929863 0.038236 0.040816 0.018806
13 0.500000 0.924250 1.000000 0.151500
5 0.500000 0.041492 1.000000 0.082983
60 0.499965 0.466444 0.450139 0.654111
1 0.134563 0.038053 0.170514 0.061717
23 0.839337 0.038583 0.039681 0.014156
67 0.420859 0.603308 0.158469 0.042628
21 0.715368 0.038694 0.029167 0.013778
66 0.643056 0.543561 0.030694 0.042389
61 0.499976 0.268194 0.129250 0.045644
24 0.887064 0.039933 0.033170 0.017322
22 0.774780 0.040078 0.066476 0.017300
64 0.485038 0.533428 0.286979 0.062611
62 0.499976 0.442225 0.316771 0.071483
