42 0.888847 0.614289 0.122528 0.042611
22 0.735321 0.148378 0.066476 0.017300
37 0.094092 0.431472 0.076392 0.017400
37 0.085689 0.369069 0.059427 0.013939
41 0.851938 0.369206 0.033625 0.016356
41 0.856208 0.430317 0.026681 0.016356
41 0.851568 0.491353 0.035684 0.016361
40 0.706049 0.430144 0.026597 0.016133
40 0.701896 0.369156 0.033792 0.016589
1 0.134675 0.146289 0.170510 0.061722
7 0.929833 0.146833 0.040819 0.018800
2 0.500000 0.022000 1.000000 0.044000
36 0.503259 0.243597 0.716524 0.081383
3 0.500000 0.073583 1.000000 0.056833
5 0.500000 0.147372 1.000000 0.090667
41 0.850670 0.552539 0.037340 0.016356
39 0.893795 0.498836 0.026729 0.042594
39 0.893701 0.437656 0.026729 0.042600
39 0.893694 0.376606 0.026729 0.042600
38 0.500021 0.499047 0.139222 0.043028
43 0.107090 0.614561 0.114479 0.042644
13 0.500000 0.739006 1.000000 0.151167
40 0.703233 0.491417 0.032139 0.016133
23 0.799740 0.147078 0.039681 0.014156
44 0.887576 0.043389 0.208674 0.060389
38 0.499950 0.376475 0.139226 0.043028
38 0.500122 0.438019 0.139222 0.043028
24 0.847446 0.148147 0.033170 0.017317
21 0.675825 0.147211 0.029163 0.013778
37 0.102896 0.491172 0.094014 0.014633
6 0.891203 0.141569 0.026372 0.028861
