2 0.500000 0.022222 1.000000 0.044444
4 0.500000 0.367750 0.900278 0.297944
7 0.929832 0.146861 0.040816 0.018800
24 0.886984 0.148333 0.033170 0.017322
22 0.774741 0.148417 0.066476 0.017300
19 0.358050 0.870092 0.116330 0.017406
19 0.538359 0.870353 0.033559 0.016894
45 0.861262 0.700083 0.249740 0.556056
15 0.470684 0.964894 0.032083 0.016222
16 0.614601 0.705447 0.210521 0.267650
16 0.392785 0.704592 0.210521 0.267650
5 0.500000 0.146972 1.000000 0.090722
1 0.134731 0.145942 0.170510 0.061717
18 0.393165 0.778900 0.211253 0.418144
17 0.571375 0.907589 0.101090 0.031567
9 0.157432 0.782606 0.218434 0.434789
3 0.500000 0.072917 1.000000 0.057056
20 0.156373 0.766933 0.213337 0.122411
8 0.156528 0.627403 0.212778 0.110006
18 0.614533 0.778892 0.211253 0.418150
17 0.349710 0.907664 0.101094 0.031572
10 0.155974 0.902517 0.213260 0.110189
15 0.691976 0.964767 0.030972 0.015822
21 0.715476 0.147139 0.029167 0.013778
23 0.839354 0.147039 0.039681 0.014156
