2 0.500000 0.022108 1.000000 0.044216
8 0.156442 0.628737 0.213030 0.111257
18 0.615005 0.826513 0.211400 0.346974
3 0.500000 0.073137 1.000000 0.057286
5 0.500000 0.146682 1.000000 0.090139
18 0.836666 0.825987 0.211400 0.348026
18 0.393417 0.826513 0.211400 0.346974
17 0.350134 0.987878 0.101164 0.024244
1 0.134618 0.146140 0.170632 0.061791
4 0.499897 0.370078 0.900705 0.298509
9 0.156784 0.786496 0.213965 0.427008
19 0.362841 0.952992 0.124910 0.016908
19 0.560172 0.953184 0.077363 0.016913
19 0.792349 0.953092 0.097304 0.016908
17 0.571181 0.987784 0.101161 0.024433
17 0.793343 0.987784 0.101161 0.024433
16 0.836789 0.787778 0.210667 0.267948
16 0.614677 0.788365 0.210667 0.267953
16 0.393662 0.787778 0.210667 0.267948
22 0.775412 0.148654 0.066522 0.017319
21 0.715980 0.147341 0.029187 0.013793
23 0.839983 0.147269 0.039708 0.014171
24 0.887620 0.148532 0.033190 0.017341
7 0.930407 0.146858 0.040848 0.018821
20 0.156720 0.766916 0.213482 0.122542
10 0.156341 0.903954 0.213405 0.110278
