48 0.382486 0.421975 0.201896 0.071706
54 0.491701 0.517700 0.420208 0.071444
7 0.929898 0.146828 0.040816 0.018800
23 0.839389 0.147017 0.039681 0.014156
22 0.774740 0.148439 0.066472 0.017300
5 0.500000 0.147056 1.000000 0.090444
2 0.500000 0.022222 1.000000 0.044444
45 0.861028 0.700089 0.250271 0.555667
3 0.500000 0.073056 1.000000 0.057222
24 0.887042 0.148244 0.033167 0.017322
47 0.467646 0.631081 0.536583 0.737839
50 0.600823 0.422439 0.201799 0.070900
58 0.491682 0.922828 0.420531 0.094122
56 0.491734 0.762081 0.420191 0.177983
21 0.715427 0.147211 0.029167 0.013778
52 0.491738 0.613022 0.420309 0.071633
