18 0.393062 0.817744 0.211250 0.364511
18 0.836156 0.817536 0.211250 0.364928
18 0.392965 0.409244 0.211250 0.417089
16 0.836347 0.768875 0.210521 0.267650
16 0.614490 0.768736 0.210521 0.267650
16 0.392969 0.768606 0.210521 0.267656
16 0.835806 0.335419 0.210521 0.267650
16 0.614552 0.334914 0.210521 0.267650
16 0.392844 0.335767 0.210521 0.267656
11 0.097630 0.803444 0.095642 0.391222
17 0.792566 0.537772 0.101292 0.031611
15 0.912347 0.594767 0.033347 0.015833
17 0.571198 0.538067 0.101292 0.031611
17 0.792819 0.991631 0.101292 0.016739
17 0.571040 0.972133 0.101288 0.031611
17 0.349677 0.971889 0.101292 0.031611
17 0.349552 0.537911 0.101292 0.031611
15 0.692033 0.594647 0.031031 0.015917
15 0.470682 0.594681 0.031969 0.015772
18 0.614392 0.817147 0.211250 0.364506
10 0.156017 0.533006 0.213979 0.110278
20 0.156333 0.396386 0.212965 0.122983
8 0.156148 0.257325 0.213101 0.109650
4 0.499793 0.073422 0.900170 0.146000
19 0.822535 0.948567 0.159750 0.048489
19 0.351868 0.935403 0.103618 0.021283
18 0.614510 0.409328 0.211250 0.417089
19 0.568493 0.935194 0.094535 0.021544
9 0.156434 0.601236 0.213667 0.797528
18 0.836045 0.409200 0.211250 0.417089
19 0.779894 0.500131 0.073448 0.017406
19 0.538444 0.500050 0.033514 0.017589
19 0.357965 0.500086 0.116514 0.017361
