10 0.155955 0.168089 0.213257 0.110156
20 0.155179 0.048053 0.213337 0.096106
11 0.112368 0.617919 0.126722 0.748606
15 0.470460 0.665311 0.030976 0.015833
15 0.693792 0.665356 0.028646 0.015833
15 0.915479 0.665278 0.028333 0.015611
15 0.912917 0.231406 0.033403 0.015944
18 0.392814 0.852408 0.211253 0.295183
16 0.393139 0.053031 0.210521 0.106061
16 0.614726 0.052372 0.210521 0.104744
16 0.836313 0.052811 0.210521 0.105622
16 0.835608 0.404792 0.210521 0.267650
16 0.614722 0.405806 0.210521 0.267656
16 0.393201 0.404792 0.210521 0.267650
15 0.690615 0.231344 0.035208 0.015778
15 0.472410 0.231450 0.028646 0.015722
16 0.392924 0.839183 0.210521 0.267656
16 0.614444 0.839183 0.210521 0.267656
16 0.836281 0.838675 0.210521 0.267650
19 0.787854 0.570192 0.089153 0.016894
19 0.582467 0.572203 0.121455 0.020483
19 0.316747 0.570147 0.033660 0.016894
19 0.797201 0.136900 0.108167 0.016889
19 0.568575 0.138956 0.094448 0.020978
19 0.322437 0.136994 0.045194 0.016889
9 0.155720 0.500000 0.213816 1.000000
17 0.793134 0.608769 0.101094 0.031572
17 0.571453 0.607569 0.101094 0.031572
17 0.349649 0.607842 0.101090 0.031572
17 0.792679 0.173756 0.101094 0.031567
17 0.571075 0.174564 0.101094 0.031572
17 0.349863 0.174633 0.101094 0.031567
18 0.393120 0.479850 0.211253 0.417000
18 0.614467 0.479728 0.211253 0.417000
18 0.835995 0.480028 0.211253 0.417000
18 0.836210 0.127431 0.211253 0.254861
18 0.614516 0.127175 0.211253 0.254350
18 0.393102 0.127214 0.211253 0.254428
18 0.836172 0.852864 0.211253 0.294272
18 0.614547 0.852408 0.211253 0.295183
