16 0.393777 0.308242 0.210667 0.267953
11 0.137623 0.572439 0.177985 0.855122
15 0.913485 0.568109 0.033982 0.016073
18 0.836802 0.804319 0.211400 0.391363
18 0.393414 0.803793 0.211400 0.392414
15 0.913572 0.133715 0.033495 0.016352
15 0.691079 0.133765 0.035403 0.016062
19 0.332590 0.039152 0.066091 0.017024
19 0.359600 0.909338 0.120063 0.020912
19 0.343954 0.473184 0.087074 0.017036
19 0.582908 0.474933 0.121605 0.020912
19 0.795341 0.472800 0.103343 0.017692
19 0.797823 0.039171 0.108106 0.017319
19 0.568970 0.040907 0.094722 0.020912
18 0.836822 0.382191 0.211400 0.417464
18 0.393313 0.382403 0.211400 0.417464
15 0.471020 0.133776 0.032047 0.015818
17 0.793671 0.076599 0.101164 0.031607
18 0.836451 0.078579 0.211400 0.157158
18 0.614953 0.078418 0.211400 0.156602
18 0.393004 0.078537 0.211400 0.157075
17 0.793669 0.511507 0.101161 0.031602
17 0.571812 0.511001 0.101164 0.031602
17 0.350226 0.511110 0.101161 0.031607
17 0.350002 0.945640 0.101164 0.031602
17 0.571586 0.946212 0.101164 0.031602
17 0.793327 0.945595 0.101164 0.031602
10 0.156362 0.071602 0.213405 0.110278
15 0.470108 0.568115 0.033773 0.015851
15 0.694274 0.568254 0.028839 0.015795
17 0.350078 0.076352 0.101164 0.031602
17 0.571744 0.076596 0.101161 0.031602
19 0.798263 0.909127 0.110076 0.020912
19 0.571082 0.909321 0.098489 0.020912
18 0.615179 0.803810 0.211456 0.392380
16 0.393777 0.742550 0.210667 0.267948
16 0.614941 0.743765 0.210667 0.267953
16 0.836869 0.742550 0.210667 0.267948
16 0.836869 0.307024 0.210667 0.267953
16 0.615702 0.307024 0.210667 0.267953
9 0.155923 0.506780 0.213965 0.985295
18 0.615040 0.382442 0.211400 0.417464
