22 0.736554 0.149374 0.066476 0.017397
6 0.891837 0.142475 0.024847 0.028793
7 0.929842 0.147374 0.040816 0.018905
42 0.888878 0.494810 0.122528 0.042849
39 0.893724 0.378656 0.026733 0.042832
37 0.102962 0.371128 0.093993 0.014525
3 0.500000 0.073436 1.000000 0.057151
23 0.800847 0.147838 0.039681 0.014235
43 0.107139 0.494916 0.114479 0.042883
21 0.676903 0.147877 0.029167 0.013855
36 0.503259 0.244958 0.716524 0.081838
41 0.853373 0.432754 0.032330 0.016447
41 0.853273 0.371402 0.032330 0.016447
2 0.500000 0.022095 1.000000 0.044190
1 0.135056 0.148279 0.170514 0.062067
13 0.500000 0.618687 1.000000 0.152011
40 0.703278 0.371137 0.031840 0.015492
44 0.887439 0.043405 0.208677 0.060721
38 0.500184 0.378908 0.139222 0.043268
5 0.500000 0.148196 1.000000 0.091173
24 0.848884 0.149020 0.033170 0.017413
