67 0.421007 0.858542 0.163819 0.051917
22 0.774786 0.148461 0.066476 0.017300
7 0.929828 0.146700 0.040816 0.018800
61 0.499979 0.376647 0.129250 0.045639
66 0.642354 0.725142 0.031917 0.042394
5 0.500000 0.146500 1.000000 0.090556
64 0.484273 0.714994 0.285483 0.062611
1 0.134877 0.146111 0.170510 0.061722
60 0.499811 0.623947 0.450024 0.752106
65 0.499977 0.765992 0.316872 0.124594
21 0.715365 0.147128 0.029167 0.013778
2 0.500000 0.022222 1.000000 0.044444
23 0.839257 0.146900 0.039681 0.014156
3 0.500000 0.072833 1.000000 0.057000
24 0.886957 0.148397 0.033170 0.017317
62 0.499906 0.550308 0.316771 0.071483
63 0.499931 0.606119 0.316826 0.124594
