21 0.715351 0.038589 0.029167 0.013778
62 0.500052 0.441786 0.316771 0.071483
7 0.929778 0.038433 0.040819 0.018800
64 0.484269 0.533167 0.285490 0.062611
1 0.135085 0.038925 0.170510 0.061717
61 0.499934 0.268403 0.129250 0.045639
22 0.774814 0.040233 0.066476 0.017300
13 0.500000 0.924417 1.000000 0.151167
5 0.499964 0.041703 0.999927 0.083406
67 0.420785 0.603422 0.158472 0.042633
23 0.839299 0.038472 0.039681 0.014156
60 0.500031 0.466222 0.450035 0.654278
24 0.886950 0.039742 0.033170 0.017317
66 0.642354 0.543281 0.031931 0.042394
