1 0.134410 0.028494 0.170514 0.056989
65 0.499957 0.646036 0.316872 0.124594
21 0.715420 0.027172 0.029167 0.013778
22 0.774957 0.028411 0.066476 0.017300
62 0.499941 0.430042 0.316771 0.071483
63 0.499965 0.485992 0.316826 0.124594
67 0.420764 0.738242 0.158472 0.042628
64 0.484283 0.594956 0.285531 0.062611
60 0.500000 0.528139 0.450139 0.800500
5 0.500000 0.036111 1.000000 0.072222
7 0.929755 0.027039 0.040816 0.018800
66 0.642427 0.604842 0.031917 0.042394
23 0.839410 0.027011 0.039681 0.014156
24 0.887007 0.028286 0.033167 0.017317
61 0.499997 0.256739 0.129250 0.045644
