75 0.363295 0.838611 0.168639 0.042733
13 0.500000 0.952164 1.000000 0.095672
18 0.614512 0.591517 0.211253 0.417000
18 0.836036 0.591361 0.211330 0.417278
18 0.392995 0.591319 0.211163 0.417583
15 0.914559 0.776944 0.030278 0.016111
15 0.692042 0.776917 0.032500 0.015944
15 0.469819 0.777017 0.033785 0.015889
15 0.913309 0.343144 0.031389 0.016056
15 0.695021 0.343033 0.026597 0.016111
15 0.469809 0.343228 0.033785 0.015944
18 0.836071 0.183178 0.211253 0.366356
18 0.614738 0.183589 0.211253 0.365478
18 0.392970 0.183794 0.211253 0.364756
19 0.564896 0.681844 0.087361 0.017644
19 0.326677 0.681981 0.053243 0.017261
16 0.393264 0.515617 0.210521 0.267656
16 0.614076 0.518431 0.210521 0.267650
16 0.835771 0.515617 0.210521 0.267656
16 0.835771 0.095286 0.210521 0.190572
16 0.614076 0.094581 0.210521 0.189161
16 0.394142 0.094581 0.210521 0.189161
19 0.785639 0.682050 0.086292 0.017344
19 0.822528 0.236458 0.159181 0.048528
19 0.568498 0.223011 0.094323 0.020889
19 0.351936 0.223333 0.103573 0.020889
9 0.137106 0.380561 0.178913 0.761122
17 0.349993 0.720436 0.101090 0.031572
17 0.571401 0.720531 0.101094 0.031572
17 0.793043 0.720756 0.101094 0.031567
17 0.793068 0.286203 0.101094 0.031572
11 0.136503 0.380561 0.179563 0.755211
17 0.571559 0.259553 0.101090 0.031572
17 0.349821 0.259875 0.101094 0.031572
