67 0.420766 0.711653 0.158469 0.042628
5 0.500000 0.147303 1.000000 0.090661
24 0.886946 0.148325 0.033170 0.017317
62 0.500028 0.550519 0.316771 0.071483
66 0.643017 0.651633 0.030618 0.042389
3 0.500000 0.072806 1.000000 0.056833
21 0.715365 0.147150 0.029167 0.013778
2 0.500000 0.022111 1.000000 0.044222
60 0.500052 0.574833 0.450104 0.653889
61 0.500012 0.376603 0.129253 0.045639
1 0.134675 0.145922 0.170510 0.061722
7 0.929783 0.146489 0.040816 0.018800
23 0.839413 0.146767 0.039681 0.014156
64 0.485090 0.641467 0.286979 0.062611
22 0.774891 0.148433 0.066476 0.017300
