18 0.393123 0.155394 0.211253 0.310789
19 0.790326 0.628206 0.094556 0.021033
19 0.568521 0.627967 0.094347 0.021178
19 0.339745 0.628303 0.079885 0.020617
15 0.694986 0.721556 0.026458 0.016444
15 0.470332 0.721425 0.032740 0.015939
15 0.912120 0.287531 0.035434 0.016006
15 0.914101 0.721450 0.031424 0.016000
11 0.137533 0.363417 0.177503 0.726833
15 0.691962 0.287550 0.031215 0.016056
9 0.138313 0.363783 0.179000 0.727567
75 0.351172 0.783303 0.144219 0.042161
16 0.393368 0.080714 0.210521 0.161428
16 0.614573 0.080969 0.210521 0.161939
16 0.836094 0.080969 0.210521 0.161939
16 0.836128 0.461086 0.210521 0.267650
19 0.359387 0.194489 0.119906 0.020578
16 0.614733 0.461106 0.210521 0.267656
16 0.393212 0.461106 0.210521 0.267656
15 0.473040 0.287611 0.027240 0.016211
19 0.576175 0.194411 0.110427 0.020622
18 0.836165 0.155361 0.211253 0.310722
18 0.614561 0.155317 0.211253 0.310633
18 0.393036 0.536072 0.211253 0.417000
18 0.836078 0.535944 0.211253 0.417000
18 0.614620 0.536044 0.211253 0.417000
13 0.500000 0.924611 1.000000 0.150778
17 0.350026 0.230386 0.101094 0.031572
17 0.571556 0.230517 0.101090 0.031567
17 0.793085 0.231008 0.101094 0.031572
19 0.827918 0.194128 0.170135 0.021189
17 0.349939 0.664761 0.101094 0.031567
17 0.571606 0.664597 0.101094 0.031572
17 0.792790 0.664325 0.101094 0.031572
