15 0.522066 0.330389 0.026319 0.015778
32 0.766901 0.775533 0.086615 0.042556
29 0.579109 0.286908 0.141781 0.023017
16 0.270299 0.445608 0.441944 0.470339
33 0.551727 0.724483 0.087066 0.042778
19 0.600807 0.241081 0.184281 0.041572
2 0.500000 0.022056 1.000000 0.044111
23 0.799632 0.147028 0.039681 0.014156
28 0.726932 0.553667 0.439052 0.260111
21 0.675825 0.147017 0.029163 0.013778
22 0.735196 0.148478 0.066476 0.017300
26 0.497866 0.603675 0.900101 0.792650
17 0.571752 0.381289 0.126191 0.039778
30 0.554340 0.775517 0.091549 0.042811
24 0.847377 0.148314 0.033170 0.017317
3 0.500000 0.072889 1.000000 0.056667
7 0.929833 0.146833 0.040819 0.018800
5 0.500000 0.147372 1.000000 0.090667
31 0.661859 0.775500 0.123927 0.042567
27 0.257050 0.914453 0.417059 0.171094
6 0.891054 0.141958 0.026372 0.028861
1 0.135090 0.147611 0.170514 0.061722
79 0.887472 0.043425 0.208611 0.060617
