37 0.069580 0.368983 0.026840 0.014056
37 0.094003 0.492750 0.076479 0.017522
37 0.102823 0.552250 0.094056 0.014544
38 0.499950 0.376475 0.139226 0.043028
38 0.500122 0.438019 0.139222 0.043028
38 0.500021 0.499047 0.139222 0.043028
38 0.500128 0.560144 0.139222 0.043022
43 0.107024 0.675436 0.114479 0.042650
13 0.500000 0.799306 1.000000 0.151167
6 0.891566 0.141753 0.025799 0.028894
24 0.848071 0.148203 0.033170 0.017317
42 0.888878 0.675497 0.122528 0.042617
39 0.893694 0.376606 0.026729 0.042600
39 0.893701 0.437656 0.026729 0.042600
39 0.893795 0.498836 0.026729 0.042594
39 0.893628 0.559881 0.026729 0.042594
3 0.500000 0.072639 1.000000 0.057389
2 0.500000 0.022083 1.000000 0.044167
5 0.500000 0.147372 1.000000 0.090667
1 0.134675 0.146950 0.170510 0.061722
7 0.929833 0.146833 0.040819 0.018800
40 0.703120 0.369281 0.031101 0.015772
40 0.701887 0.430342 0.033559 0.016139
40 0.706064 0.491372 0.026774 0.016289
40 0.703236 0.552447 0.032215 0.016261
23 0.800354 0.146856 0.039681 0.014156
41 0.853267 0.369153 0.031312 0.016361
41 0.851899 0.430233 0.033632 0.016356
41 0.856222 0.491403 0.026722 0.016361
41 0.851528 0.552461 0.035625 0.016356
22 0.735755 0.148378 0.066476 0.017300
21 0.676347 0.147211 0.029167 0.013778
41 0.849918 0.613519 0.038844 0.016361
36 0.503259 0.243597 0.716524 0.081383
37 0.085778 0.430133 0.059312 0.014056
