34 0.499745 0.689664 0.168441 0.366117
16 0.678514 0.640189 0.167264 0.267833
16 0.499840 0.640711 0.167264 0.267833
16 0.321569 0.640478 0.167986 0.267833
16 0.142604 0.640528 0.167986 0.267833
30 0.553958 0.078372 0.091549 0.042811
19 0.087599 0.805133 0.033420 0.017700
19 0.286448 0.805289 0.073514 0.017622
19 0.480017 0.807333 0.103521 0.021733
19 0.654139 0.806872 0.094347 0.021944
35 0.406005 0.667672 0.712413 0.413211
13 0.500000 0.950056 1.000000 0.099889
27 0.258332 0.266739 0.417059 0.268500
33 0.551814 0.027289 0.087066 0.042778
26 0.501306 0.438922 0.904681 0.877844
31 0.661748 0.078400 0.123927 0.042567
32 0.766929 0.078431 0.086615 0.042550
34 0.142568 0.689719 0.168441 0.366117
34 0.321424 0.688997 0.168444 0.366117
34 0.678757 0.689900 0.168444 0.366111
