18 0.393339 0.780331 0.211253 0.416472
18 0.836925 0.780331 0.211253 0.416472
21 0.675785 0.147017 0.029167 0.013778
17 0.571330 0.907575 0.101146 0.031439
17 0.349913 0.907669 0.101146 0.031439
6 0.891054 0.141142 0.026372 0.028861
24 0.847377 0.148314 0.033170 0.017317
7 0.929833 0.146833 0.040819 0.018800
15 0.470641 0.964936 0.031934 0.016139
23 0.799590 0.146900 0.039681 0.014156
1 0.134675 0.146950 0.170510 0.061722
15 0.691960 0.964744 0.030927 0.015744
15 0.912370 0.964694 0.033288 0.015833
5 0.500000 0.147372 1.000000 0.090667
22 0.735196 0.148478 0.066476 0.017300
9 0.156575 0.785108 0.213816 0.429783
16 0.836104 0.705250 0.209618 0.266611
4 0.500267 0.367936 0.900076 0.298183
16 0.614389 0.705467 0.209618 0.266611
16 0.393038 0.705417 0.209618 0.266611
2 0.500000 0.022167 1.000000 0.044333
3 0.500000 0.073056 1.000000 0.056333
8 0.156333 0.627125 0.213882 0.111139
19 0.779859 0.870086 0.073226 0.017461
19 0.538354 0.870294 0.033736 0.017733
20 0.156288 0.766358 0.213333 0.122406
19 0.358031 0.870433 0.116542 0.018378
10 0.156382 0.902250 0.213257 0.110156
17 0.792899 0.908081 0.101146 0.031439
18 0.614842 0.780331 0.211253 0.416472
