5 0.500000 0.147000 1.000000 0.090333
16 0.614420 0.704711 0.210521 0.267656
16 0.392913 0.705675 0.210521 0.267650
18 0.614524 0.779217 0.211271 0.417022
18 0.392941 0.779511 0.211271 0.417022
20 0.156300 0.766442 0.213337 0.122406
8 0.156319 0.626939 0.212778 0.110011
9 0.156102 0.782606 0.218434 0.434789
10 0.155833 0.902208 0.213257 0.110361
17 0.571349 0.907736 0.101094 0.031572
17 0.350061 0.908142 0.101094 0.031572
19 0.538359 0.870197 0.033351 0.016894
19 0.358153 0.870306 0.116333 0.016889
23 0.839267 0.147078 0.039681 0.014156
22 0.774741 0.148417 0.066476 0.017300
21 0.715424 0.147128 0.029167 0.013778
24 0.887010 0.148353 0.033167 0.017317
7 0.929910 0.146911 0.040819 0.018800
45 0.860701 0.699850 0.249736 0.556056
4 0.499983 0.367972 0.900174 0.297944
1 0.134521 0.145900 0.170514 0.061722
3 0.500000 0.072972 1.000000 0.056833
2 0.500000 0.022167 1.000000 0.044333
15 0.470628 0.964783 0.031910 0.015833
15 0.691972 0.964667 0.031076 0.015944
