35 0.407102 0.618181 0.712413 0.412306
26 0.500733 0.411311 0.903535 0.822622
31 0.661606 0.027594 0.123927 0.042567
32 0.766861 0.027733 0.086611 0.042556
34 0.321342 0.639342 0.168441 0.366117
30 0.553899 0.027261 0.091549 0.042811
16 0.321198 0.589244 0.167264 0.267833
16 0.678510 0.589244 0.167264 0.267833
16 0.499854 0.590133 0.167264 0.267833
19 0.087533 0.754761 0.033337 0.017856
19 0.286196 0.754742 0.073476 0.017850
19 0.479950 0.756569 0.103719 0.021417
19 0.653835 0.756372 0.094267 0.021589
34 0.499807 0.639842 0.168441 0.366117
34 0.678601 0.639267 0.168444 0.366111
27 0.258465 0.215669 0.417063 0.268506
16 0.143094 0.588356 0.167264 0.267833
34 0.142575 0.639253 0.168441 0.366117
13 0.500000 0.924139 1.000000 0.151722
