9 0.156201 0.413729 0.214113 0.669866
19 0.358567 0.380953 0.116523 0.016945
11 0.138729 0.479426 0.179287 0.536355
16 0.393168 0.214543 0.210814 0.268551
17 0.793740 0.880602 0.101234 0.031672
17 0.572500 0.853880 0.101231 0.031672
17 0.350506 0.854150 0.101234 0.031678
17 0.793973 0.418785 0.101234 0.031672
17 0.572018 0.418866 0.101234 0.031678
17 0.350494 0.418648 0.101231 0.031678
16 0.616081 0.216898 0.210814 0.268545
16 0.837524 0.215329 0.210814 0.268551
16 0.837524 0.650440 0.210814 0.268551
16 0.615101 0.650440 0.210814 0.268551
16 0.394145 0.650440 0.210814 0.268551
18 0.393536 0.738400 0.211551 0.445362
18 0.615363 0.738102 0.211533 0.445658
18 0.837248 0.738194 0.211422 0.445842
18 0.837311 0.289638 0.211547 0.418629
18 0.615346 0.289652 0.211638 0.418768
18 0.393733 0.289264 0.211547 0.419543
8 0.156346 0.137503 0.213178 0.111505
19 0.539049 0.381042 0.033793 0.016945
15 0.470476 0.937793 0.033727 0.015831
15 0.695899 0.937890 0.026394 0.015669
15 0.914578 0.937893 0.031394 0.015719
15 0.913587 0.475884 0.033314 0.015870
15 0.692954 0.475822 0.030768 0.015892
15 0.471273 0.475764 0.031850 0.015608
19 0.823507 0.830945 0.159385 0.047698
19 0.569256 0.817556 0.094312 0.021299
19 0.352262 0.817695 0.103543 0.020574
19 0.780890 0.380914 0.073408 0.016945
