17 0.571700 0.908283 0.101094 0.031567
18 0.614464 0.779239 0.211253 0.417000
9 0.156714 0.785547 0.213816 0.428906
3 0.500000 0.072833 1.000000 0.058111
19 0.322380 0.870456 0.045170 0.016889
19 0.568682 0.872294 0.094580 0.021189
19 0.797068 0.870422 0.108226 0.016889
18 0.836123 0.779572 0.211253 0.417000
2 0.500000 0.022000 1.000000 0.044000
5 0.499983 0.146939 0.999965 0.090211
7 0.929946 0.146814 0.040816 0.018806
10 0.156437 0.902900 0.213257 0.110156
20 0.156446 0.766753 0.213337 0.122406
24 0.887043 0.148078 0.033170 0.017322
17 0.349870 0.907683 0.101094 0.031567
23 0.839271 0.146978 0.039681 0.014156
21 0.715427 0.146972 0.029167 0.013778
17 0.793332 0.907803 0.101094 0.031572
22 0.774686 0.148450 0.066476 0.017300
1 0.134587 0.145994 0.170514 0.061722
4 0.499774 0.367783 0.900076 0.298178
16 0.392924 0.704669 0.210521 0.267650
16 0.614552 0.705217 0.210521 0.267656
16 0.836170 0.705625 0.210521 0.267650
8 0.156420 0.627217 0.212882 0.111133
18 0.393207 0.779233 0.211253 0.417000
15 0.912951 0.964739 0.033472 0.015944
15 0.690623 0.964817 0.035212 0.016056
15 0.472340 0.964794 0.028507 0.016000
