56 0.491585 0.652264 0.420191 0.177983
58 0.491637 0.812544 0.420531 0.094122
21 0.715382 0.037106 0.029167 0.013778
52 0.491781 0.503075 0.420306 0.071628
48 0.382549 0.311983 0.201896 0.071700
47 0.500135 0.576908 0.600292 0.846183
50 0.600927 0.312500 0.201799 0.070900
24 0.886948 0.038247 0.033167 0.017317
23 0.839149 0.036706 0.039681 0.014156
59 0.386481 0.904750 0.210115 0.046744
54 0.491630 0.407764 0.420212 0.071450
1 0.134792 0.036067 0.170514 0.061722
7 0.929828 0.036628 0.040816 0.018800
5 0.500608 0.041397 0.998785 0.082794
22 0.774741 0.038489 0.066476 0.017300
