48 0.382372 0.422206 0.201896 0.071700
23 0.839389 0.147017 0.039681 0.014156
55 0.491622 0.619914 0.420229 0.106594
53 0.491655 0.788753 0.420226 0.106806
22 0.774740 0.148439 0.066472 0.017300
24 0.887042 0.148244 0.033167 0.017322
54 0.491656 0.573325 0.420208 0.071450
1 0.134991 0.145933 0.170510 0.061722
56 0.491609 0.929019 0.420191 0.141961
51 0.600884 0.468886 0.201837 0.106661
2 0.500000 0.022139 1.000000 0.044278
21 0.715427 0.147211 0.029167 0.013778
7 0.929835 0.146828 0.040816 0.018800
5 0.500000 0.147389 1.000000 0.090667
50 0.600851 0.422522 0.202049 0.070900
52 0.491714 0.741931 0.420309 0.071628
47 0.499983 0.631917 0.600035 0.736167
49 0.382470 0.468847 0.201830 0.106694
3 0.500000 0.072944 1.000000 0.056889
