16 0.837118 0.618781 0.210521 0.267650
16 0.615000 0.620883 0.210521 0.267656
19 0.347248 0.786111 0.094184 0.020889
16 0.393542 0.619831 0.210521 0.267650
17 0.793035 0.389428 0.101090 0.031567
17 0.792738 0.822956 0.101094 0.031567
17 0.571547 0.849497 0.101094 0.031572
8 0.155812 0.108144 0.212882 0.111133
10 0.156233 0.383161 0.213257 0.110156
17 0.350262 0.822706 0.101094 0.031567
19 0.358394 0.351525 0.116490 0.017083
16 0.392885 0.185589 0.210521 0.267656
19 0.538491 0.351336 0.033712 0.017772
18 0.835979 0.707483 0.211333 0.444144
18 0.614684 0.707489 0.211382 0.444022
15 0.691983 0.445886 0.031111 0.016172
9 0.155856 0.525081 0.213816 0.949839
18 0.393016 0.707597 0.211170 0.443917
15 0.912823 0.445900 0.033889 0.016289
15 0.912858 0.906378 0.033889 0.016167
15 0.470608 0.445806 0.032049 0.016222
16 0.615000 0.187692 0.210521 0.267650
15 0.691851 0.906344 0.031597 0.016333
19 0.794938 0.353644 0.103597 0.021044
15 0.473465 0.906378 0.026493 0.016111
19 0.769981 0.784972 0.054066 0.017722
18 0.835939 0.260939 0.211253 0.417000
18 0.614550 0.260761 0.211253 0.417000
18 0.392925 0.260206 0.211253 0.417000
11 0.100693 0.727889 0.102080 0.538222
17 0.349773 0.388817 0.101094 0.031567
16 0.835802 0.185589 0.210521 0.267656
20 0.156128 0.247953 0.213333 0.122406
19 0.601128 0.799417 0.159479 0.049056
17 0.571606 0.389250 0.101094 0.031567
