34 0.678460 0.742392 0.168997 0.393450
16 0.857535 0.679611 0.167264 0.267833
16 0.678493 0.679611 0.167264 0.267833
16 0.500076 0.679611 0.166861 0.267833
16 0.321236 0.679611 0.167264 0.267833
16 0.142424 0.678994 0.167264 0.267833
16 0.270519 0.066761 0.441851 0.133522
19 0.808163 0.844625 0.045125 0.017128
19 0.633415 0.844758 0.053983 0.017461
19 0.454493 0.844594 0.052646 0.017222
19 0.299760 0.858072 0.101090 0.044233
19 0.115528 0.844708 0.089424 0.017394
34 0.857250 0.742519 0.169000 0.394483
34 0.500540 0.742319 0.168997 0.393861
34 0.321215 0.742108 0.169000 0.393883
34 0.142319 0.741814 0.169000 0.393961
35 0.496536 0.720664 0.892753 0.443228
27 0.258646 0.328986 0.417063 0.223861
26 0.501878 0.471472 0.905826 0.942944
