17 0.571186 0.664622 0.101094 0.031567
18 0.836144 0.535928 0.211247 0.417744
13 0.500000 0.924472 1.000000 0.151056
19 0.786611 0.626125 0.087201 0.017694
19 0.564052 0.626403 0.086132 0.017039
19 0.347165 0.628161 0.094927 0.020889
19 0.834682 0.179558 0.183976 0.044906
19 0.567267 0.165750 0.091924 0.017500
19 0.358226 0.167561 0.117021 0.020889
9 0.138170 0.350492 0.179424 0.700983
16 0.393087 0.460750 0.210521 0.267656
16 0.614292 0.461764 0.210521 0.267650
16 0.836128 0.460244 0.210521 0.267656
16 0.836128 0.066831 0.210521 0.133661
16 0.614292 0.066831 0.210521 0.133661
16 0.393087 0.066831 0.210521 0.133661
17 0.792602 0.664356 0.101094 0.031567
17 0.349811 0.664636 0.101094 0.031572
17 0.792722 0.230761 0.101090 0.031567
17 0.571394 0.203711 0.101094 0.031567
17 0.349972 0.203847 0.101090 0.031572
18 0.836012 0.155311 0.211253 0.310622
18 0.614554 0.155414 0.211253 0.310828
18 0.614530 0.536233 0.211253 0.417000
18 0.393224 0.535700 0.211253 0.417000
18 0.393012 0.155378 0.211253 0.310756
75 0.351141 0.783331 0.144219 0.042161
15 0.469052 0.287547 0.035111 0.015739
15 0.691250 0.287508 0.033667 0.015828
15 0.912903 0.287569 0.033542 0.015794
15 0.913557 0.721411 0.032434 0.016011
15 0.693035 0.721428 0.030312 0.015778
15 0.471038 0.721322 0.031354 0.016056
11 0.137401 0.349781 0.178323 0.699561
