19 0.833199 0.418249 0.092314 0.017458
19 0.114560 0.830154 0.087498 0.017860
13 0.500000 0.962821 1.000000 0.074358
34 0.143055 0.713422 0.169353 0.371034
34 0.859268 0.315036 0.169426 0.397078
16 0.680035 0.251793 0.167613 0.269330
16 0.500837 0.252168 0.167617 0.268581
34 0.679828 0.314925 0.169711 0.396855
34 0.500812 0.314318 0.169078 0.397061
34 0.321976 0.314640 0.168796 0.397704
34 0.143269 0.315279 0.168793 0.397709
16 0.142916 0.664575 0.167613 0.269330
16 0.322592 0.251028 0.167613 0.269330
26 0.498438 0.451369 0.896444 0.902737
16 0.142916 0.252559 0.167613 0.269330
35 0.497839 0.487363 0.894621 0.828626
16 0.859235 0.252559 0.167613 0.269330
19 0.138135 0.433525 0.134955 0.049520
19 0.276832 0.418184 0.053330 0.017128
19 0.476300 0.420006 0.095125 0.022402
19 0.666595 0.433573 0.116691 0.048743
