2 0.500000 0.022111 1.000000 0.044222
60 0.500017 0.574583 0.450035 0.654278
61 0.500007 0.376797 0.129250 0.045639
22 0.774766 0.148283 0.066476 0.017300
5 0.500000 0.146600 1.000000 0.089978
64 0.484344 0.641528 0.285479 0.062611
62 0.499944 0.550358 0.316771 0.071483
24 0.886885 0.148286 0.033167 0.017317
1 0.134925 0.146000 0.170510 0.061722
23 0.839417 0.146922 0.039681 0.014156
66 0.642347 0.651653 0.031917 0.042394
21 0.715413 0.147089 0.029167 0.013778
3 0.500000 0.072778 1.000000 0.056667
7 0.929913 0.146833 0.040819 0.018800
67 0.420828 0.711511 0.158469 0.042633
