16 0.270450 0.487444 0.441524 0.555111
26 0.494984 0.603675 0.894337 0.792650
6 0.891564 0.141822 0.026372 0.028856
2 0.500000 0.021889 1.000000 0.043778
28 0.724319 0.553892 0.431639 0.257883
32 0.766877 0.775644 0.086615 0.042556
17 0.571431 0.380983 0.126188 0.039778
30 0.554448 0.775378 0.091549 0.042811
3 0.500000 0.073361 1.000000 0.056167
23 0.800191 0.147028 0.039681 0.014156
15 0.525510 0.330361 0.033403 0.015667
31 0.661946 0.775533 0.123927 0.042567
1 0.134675 0.146289 0.170510 0.061722
21 0.676267 0.147017 0.029167 0.013778
29 0.579146 0.286936 0.141778 0.023017
27 0.258354 0.924267 0.417063 0.151467
7 0.929833 0.146833 0.040819 0.018800
19 0.581016 0.237836 0.142684 0.033483
5 0.500000 0.147372 1.000000 0.090667
24 0.848071 0.148147 0.033170 0.017317
33 0.551755 0.724142 0.087066 0.042783
22 0.735693 0.148478 0.066476 0.017300
79 0.887469 0.043311 0.208375 0.060589
