3 0.500000 0.073111 1.000000 0.057000
10 0.156214 0.903206 0.213260 0.110156
8 0.156958 0.627800 0.212882 0.111133
20 0.156219 0.766664 0.213333 0.122406
15 0.470677 0.964706 0.031979 0.015889
15 0.692005 0.964769 0.031059 0.016072
15 0.912352 0.964731 0.033385 0.016194
24 0.887075 0.148600 0.033170 0.017322
23 0.839302 0.147056 0.039681 0.014156
5 0.500000 0.147167 1.000000 0.090556
21 0.715465 0.147111 0.029167 0.013778
22 0.774894 0.148322 0.066476 0.017300
17 0.349898 0.907681 0.101094 0.031572
17 0.571148 0.907967 0.101094 0.031567
17 0.792806 0.907875 0.101090 0.031572
74 0.954826 0.284239 0.090347 0.294000
2 0.500000 0.022083 1.000000 0.044167
16 0.392906 0.704703 0.210521 0.267650
16 0.615021 0.704703 0.210521 0.267650
16 0.835823 0.705753 0.210521 0.267650
19 0.357944 0.870208 0.116750 0.017472
19 0.538168 0.870389 0.033594 0.017667
19 0.779868 0.870350 0.073250 0.017300
1 0.134620 0.145883 0.170510 0.061722
4 0.499951 0.368000 0.901069 0.298178
9 0.156896 0.786250 0.213812 0.427500
18 0.393075 0.779283 0.211253 0.417000
18 0.614498 0.779456 0.211253 0.417000
18 0.836009 0.779422 0.211253 0.417000
