17 0.571800 0.908754 0.101042 0.031112
3 0.500000 0.073234 1.000000 0.056913
2 0.500000 0.022311 1.000000 0.044622
20 0.156758 0.767266 0.213482 0.122542
21 0.715942 0.147202 0.029187 0.013793
18 0.615082 0.780306 0.211400 0.417464
7 0.930316 0.146844 0.041126 0.019516
8 0.156796 0.628949 0.212509 0.111257
16 0.836953 0.706018 0.210667 0.267953
15 0.913049 0.965918 0.033318 0.015907
18 0.393313 0.780373 0.211400 0.417464
10 0.156199 0.903821 0.213405 0.110278
18 0.836815 0.780122 0.211400 0.417464
15 0.692547 0.965982 0.031015 0.015645
22 0.775356 0.148509 0.066522 0.017319
5 0.499948 0.147072 0.999896 0.090250
19 0.538749 0.871235 0.033322 0.017186
1 0.134934 0.146641 0.170632 0.061791
19 0.780426 0.871260 0.073138 0.017280
19 0.358356 0.871160 0.116525 0.017158
9 0.156927 0.786624 0.212748 0.426752
17 0.793461 0.908824 0.101161 0.031607
16 0.614825 0.705873 0.210497 0.267942
17 0.350153 0.908749 0.101070 0.031435
15 0.470929 0.965940 0.031810 0.016129
16 0.393417 0.706452 0.209913 0.267041
24 0.887766 0.148451 0.033190 0.017336
4 0.500433 0.368357 0.900705 0.298515
23 0.839781 0.147063 0.039708 0.014171
