67 0.420800 0.713006 0.158469 0.042675
3 0.500000 0.073053 1.000000 0.057230
2 0.500000 0.022108 1.000000 0.044216
45 0.860670 0.701318 0.249736 0.556674
66 0.642444 0.652472 0.031917 0.042442
21 0.715396 0.147241 0.029167 0.013793
24 0.886889 0.148454 0.033167 0.017341
64 0.484444 0.642247 0.285625 0.062681
61 0.499977 0.377041 0.129253 0.045695
22 0.774800 0.148426 0.066476 0.017319
62 0.499990 0.551148 0.316771 0.071563
23 0.839233 0.147141 0.039681 0.014171
7 0.929807 0.146752 0.040816 0.018821
60 0.500078 0.575520 0.450024 0.654800
5 0.500000 0.147275 1.000000 0.090211
