54 0.491625 0.517886 0.420208 0.071450
7 0.929819 0.146519 0.040819 0.018806
45 0.861075 0.699961 0.249740 0.556056
24 0.886983 0.148231 0.033167 0.017317
48 0.382469 0.422114 0.201896 0.071706
58 0.492123 0.922767 0.420531 0.094122
21 0.715347 0.147028 0.029167 0.013778
5 0.500000 0.147083 1.000000 0.090833
22 0.774745 0.148600 0.066476 0.017300
2 0.500000 0.022139 1.000000 0.044278
3 0.500000 0.073028 1.000000 0.057167
23 0.839378 0.147039 0.039681 0.014156
50 0.600851 0.422572 0.201799 0.070900
47 0.467771 0.631392 0.535917 0.737217
56 0.491717 0.762183 0.420191 0.177989
52 0.491731 0.613178 0.420309 0.071633
