27 0.258700 0.397297 0.417352 0.314261
19 0.475810 0.960806 0.094913 0.021278
19 0.138002 0.974050 0.134816 0.048889
19 0.665613 0.974189 0.116216 0.048289
35 0.497163 0.807742 0.893374 0.384517
34 0.143791 0.829906 0.168562 0.340189
34 0.322050 0.829906 0.168562 0.340189
34 0.500306 0.829906 0.168562 0.340189
34 0.679593 0.829906 0.168562 0.340189
34 0.858367 0.830317 0.168562 0.339367
16 0.328416 0.078878 0.329180 0.157756
16 0.500122 0.793806 0.167380 0.266278
31 0.662187 0.039017 0.124013 0.042567
19 0.832196 0.959206 0.092078 0.017167
32 0.767479 0.039000 0.086675 0.042556
16 0.143099 0.794567 0.167380 0.267833
16 0.858099 0.794567 0.167380 0.267833
16 0.679110 0.793800 0.167380 0.267833
26 0.496703 0.500000 0.896101 1.000000
19 0.276392 0.959242 0.053270 0.017194
30 0.554409 0.038922 0.091612 0.042811
16 0.321609 0.793800 0.167380 0.267833
