4 0.499896 0.370078 0.900076 0.298178
3 0.500000 0.072789 1.000000 0.057244
1 0.135059 0.145983 0.170514 0.061722
9 0.156089 0.785761 0.213816 0.428478
20 0.156076 0.766350 0.213333 0.122411
8 0.155819 0.627517 0.212882 0.111133
10 0.156007 0.902700 0.213257 0.110156
22 0.774873 0.148489 0.066476 0.017300
21 0.715521 0.147072 0.029167 0.013778
23 0.839299 0.146972 0.039681 0.014156
24 0.887030 0.148353 0.033170 0.017317
7 0.929792 0.146822 0.040819 0.018800
5 0.500000 0.146981 1.000000 0.090294
2 0.500000 0.022139 1.000000 0.044278
