3 0.500000 0.028476 1.000000 0.056952
7 0.930544 0.102308 0.040844 0.018821
47 0.500049 0.608434 0.600709 0.776858
24 0.887585 0.103718 0.033190 0.017336
59 0.386864 0.971296 0.210261 0.046796
58 0.492580 0.879338 0.420823 0.094227
56 0.491961 0.718471 0.420483 0.178187
21 0.715872 0.102892 0.029187 0.013793
48 0.382748 0.377875 0.202036 0.071780
52 0.492090 0.569480 0.420601 0.071707
54 0.491883 0.473640 0.420500 0.071529
1 0.134821 0.101635 0.170629 0.061791
22 0.775262 0.104177 0.066522 0.017319
5 0.500347 0.102875 0.999305 0.090768
23 0.839788 0.102670 0.039708 0.014171
50 0.601313 0.378298 0.201939 0.070979
