16 0.500292 0.930122 0.167596 0.139756
16 0.679282 0.929739 0.167592 0.140522
32 0.767391 0.431169 0.086671 0.042550
31 0.662180 0.430950 0.124013 0.042567
33 0.552104 0.379878 0.087126 0.042778
17 0.571977 0.063550 0.126275 0.039778
27 0.258350 0.619478 0.417352 0.268489
28 0.729378 0.222728 0.441577 0.230956
26 0.500731 0.500000 0.906459 1.000000
35 0.407246 0.907542 0.712908 0.184917
16 0.271015 0.184719 0.441974 0.369439
16 0.143273 0.930122 0.167596 0.139756
16 0.321782 0.929739 0.167596 0.140522
15 0.525250 0.012489 0.031862 0.015756
30 0.554326 0.431233 0.091612 0.042811
