5 0.500000 0.095972 1.000000 0.090278
15 0.524748 0.279053 0.031983 0.015839
32 0.766844 0.697808 0.086611 0.042550
7 0.929925 0.095681 0.040816 0.018806
21 0.715344 0.095922 0.029167 0.013778
24 0.886964 0.097314 0.033170 0.017317
33 0.551755 0.646519 0.087066 0.042783
31 0.661686 0.697850 0.123927 0.042567
28 0.728962 0.489656 0.441271 0.230956
26 0.500528 0.578306 0.904708 0.843389
17 0.571597 0.329772 0.126188 0.039778
1 0.135281 0.095756 0.170514 0.061722
29 0.565153 0.235253 0.113708 0.023017
27 0.257839 0.876097 0.417059 0.247806
19 0.623106 0.186211 0.228017 0.033322
3 0.500000 0.025139 1.000000 0.050278
22 0.774814 0.097406 0.066476 0.017300
23 0.839257 0.095622 0.039681 0.014156
16 0.270559 0.396339 0.441667 0.476778
30 0.553948 0.697889 0.091549 0.042811
