3 0.500000 0.073000 1.000000 0.056889
21 0.715340 0.147044 0.029167 0.013778
7 0.929920 0.146775 0.040819 0.018806
66 0.643089 0.651642 0.030726 0.042394
2 0.500000 0.022056 1.000000 0.044111
60 0.500043 0.574797 0.450024 0.654072
5 0.500707 0.146508 0.998587 0.089572
24 0.887071 0.148208 0.033170 0.017317
61 0.500038 0.376478 0.129250 0.045644
62 0.499972 0.550397 0.316771 0.071483
23 0.839351 0.146956 0.039681 0.014156
1 0.134729 0.146450 0.170514 0.061722
22 0.774755 0.148361 0.066476 0.017300
64 0.485073 0.641706 0.286979 0.062611
67 0.420828 0.711775 0.158469 0.042628
