15 0.912920 0.097603 0.033472 0.015794
15 0.912778 0.531392 0.033854 0.016017
15 0.691292 0.531428 0.033819 0.015667
15 0.468722 0.531378 0.035764 0.015667
15 0.472405 0.964822 0.028580 0.016167
9 0.137590 0.157483 0.180444 0.314967
16 0.393215 0.705461 0.210521 0.267656
16 0.614528 0.705022 0.210521 0.267656
16 0.836115 0.705461 0.210521 0.267656
16 0.836253 0.271486 0.210521 0.267650
16 0.614781 0.271486 0.210521 0.267650
16 0.392941 0.270900 0.210521 0.267656
19 0.347000 0.007658 0.094396 0.015317
19 0.602420 0.007689 0.161757 0.015378
19 0.797019 0.005892 0.108045 0.011783
19 0.389198 0.438233 0.178826 0.021467
19 0.585562 0.436267 0.128875 0.017467
19 0.786677 0.436356 0.086854 0.017067
19 0.322410 0.870492 0.045042 0.017350
19 0.566306 0.870344 0.089403 0.017200
19 0.802915 0.870175 0.120212 0.017317
18 0.393161 0.346281 0.211253 0.416472
18 0.392998 0.060250 0.211253 0.120300
11 0.137519 0.157425 0.178427 0.314850
18 0.614543 0.060367 0.211253 0.120733
18 0.836196 0.060367 0.211253 0.120733
18 0.836203 0.779581 0.211253 0.416472
18 0.614672 0.779558 0.211253 0.416472
18 0.614700 0.346103 0.211253 0.416472
18 0.393214 0.779453 0.211253 0.416472
18 0.836227 0.345964 0.211253 0.416472
17 0.350012 0.040592 0.101094 0.031572
17 0.571516 0.040647 0.101094 0.031572
17 0.793017 0.040608 0.101090 0.031572
17 0.349925 0.473994 0.101094 0.031567
17 0.571628 0.474464 0.101090 0.031572
17 0.793113 0.474558 0.101094 0.031572
17 0.350047 0.907906 0.101094 0.031567
17 0.571391 0.907669 0.101094 0.031572
17 0.792795 0.907689 0.101090 0.031567
15 0.915979 0.964778 0.027326 0.015611
15 0.693913 0.964800 0.028472 0.015889
15 0.469109 0.097608 0.035392 0.016150
15 0.690622 0.097442 0.035146 0.015906
