21 0.715337 0.147011 0.029167 0.013778
22 0.774825 0.148583 0.066476 0.017300
69 0.500007 0.435275 0.450118 0.342228
1 0.135285 0.146681 0.170514 0.061717
2 0.500000 0.022083 1.000000 0.044167
23 0.839337 0.147283 0.039681 0.014156
24 0.887016 0.148239 0.033170 0.017322
3 0.500000 0.072794 1.000000 0.057144
5 0.499986 0.146764 0.999972 0.089750
7 0.929753 0.146617 0.040819 0.018800
72 0.420844 0.505078 0.158542 0.042578
70 0.499736 0.430614 0.316215 0.071750
13 0.500000 0.753228 1.000000 0.151167
