4 0.500026 0.263247 0.900170 0.298139
8 0.156144 0.523019 0.213101 0.109650
20 0.156227 0.662106 0.212962 0.122989
10 0.155851 0.798386 0.213979 0.110272
18 0.393017 0.675022 0.211250 0.417089
18 0.614569 0.675075 0.211292 0.417217
18 0.836047 0.674944 0.211267 0.417044
18 0.393066 0.949911 0.211347 0.100178
18 0.614613 0.949925 0.211378 0.100150
18 0.836101 0.949917 0.211340 0.100167
19 0.358016 0.765717 0.116594 0.017856
19 0.538378 0.765653 0.033382 0.017739
19 0.779859 0.765672 0.073177 0.017322
16 0.836021 0.950089 0.210521 0.099822
16 0.836042 0.600489 0.210521 0.267656
16 0.614882 0.600461 0.210521 0.267656
16 0.392656 0.600294 0.210521 0.267656
17 0.793049 0.803303 0.101292 0.031606
17 0.571392 0.803058 0.101292 0.031606
17 0.349687 0.803578 0.101292 0.031611
15 0.470604 0.860261 0.031910 0.016111
15 0.691943 0.860342 0.030962 0.015717
15 0.912274 0.860289 0.033264 0.015778
16 0.392993 0.949828 0.210521 0.100344
16 0.614851 0.950192 0.210521 0.099617
11 0.096821 0.937003 0.094760 0.125994
9 0.156297 0.734003 0.213351 0.531994
1 0.134967 0.042256 0.170510 0.061722
21 0.715385 0.042583 0.029521 0.014356
22 0.774766 0.044039 0.066649 0.017667
23 0.839122 0.042217 0.039972 0.014411
24 0.887089 0.043558 0.033219 0.017606
7 0.929908 0.042250 0.040816 0.018800
5 0.500000 0.043900 1.000000 0.087800
