24 0.886988 0.148228 0.033170 0.017322
18 0.614568 0.779472 0.211253 0.417000
3 0.500000 0.072806 1.000000 0.057278
17 0.349797 0.907692 0.101094 0.031572
17 0.571538 0.907922 0.101090 0.031567
17 0.792878 0.907606 0.101090 0.031567
7 0.929747 0.146936 0.040819 0.018806
15 0.470615 0.964733 0.032014 0.015778
15 0.693892 0.964811 0.028437 0.015722
15 0.914594 0.964733 0.030312 0.015778
8 0.156733 0.627528 0.212882 0.111133
18 0.393266 0.779406 0.211253 0.417000
18 0.836182 0.779406 0.211253 0.417000
1 0.134734 0.146578 0.170510 0.061722
4 0.500163 0.369661 0.900076 0.298178
16 0.393177 0.704753 0.210521 0.267650
16 0.614649 0.705925 0.210521 0.267650
16 0.836122 0.705925 0.210521 0.267650
9 0.156974 0.785506 0.213816 0.428989
19 0.332375 0.870564 0.066222 0.017694
19 0.547932 0.870228 0.054135 0.017211
19 0.785668 0.870147 0.086094 0.017150
10 0.156448 0.902728 0.213257 0.110156
23 0.839319 0.147000 0.039681 0.014156
5 0.500000 0.146500 1.000000 0.089222
21 0.715410 0.147106 0.029167 0.013778
22 0.774828 0.148517 0.066476 0.017300
2 0.500087 0.022056 0.999826 0.044111
20 0.156771 0.766797 0.213333 0.122406
