61 0.500160 0.268514 0.129250 0.045639
66 0.643043 0.543369 0.030726 0.042394
67 0.420762 0.603553 0.158469 0.042628
60 0.500012 0.466381 0.450024 0.654072
22 0.774818 0.040300 0.066476 0.017300
62 0.500030 0.441936 0.316774 0.071483
21 0.715420 0.038844 0.029167 0.013778
5 0.502783 0.042092 0.994434 0.084183
7 0.929785 0.038222 0.040819 0.018800
24 0.886913 0.040064 0.033167 0.017317
1 0.134727 0.036739 0.170510 0.061722
13 0.500000 0.924361 1.000000 0.151278
23 0.839333 0.038717 0.039681 0.014156
64 0.485076 0.533228 0.286979 0.062611
