24 0.887035 0.148164 0.033167 0.017317
21 0.715396 0.147078 0.029167 0.013778
22 0.774800 0.148261 0.066476 0.017300
3 0.500000 0.073000 1.000000 0.056667
23 0.839233 0.147133 0.039681 0.014156
2 0.500000 0.022250 1.000000 0.044500
7 0.929766 0.146503 0.040816 0.018806
61 0.499977 0.376622 0.129253 0.045644
5 0.500000 0.146389 1.000000 0.090000
64 0.484377 0.641517 0.285552 0.062611
66 0.642380 0.651758 0.031920 0.042394
60 0.500102 0.574747 0.450024 0.654072
62 0.499990 0.550536 0.316771 0.071483
45 0.860415 0.699214 0.249740 0.556050
67 0.420679 0.711611 0.158469 0.042633
