48 0.382561 0.422058 0.201899 0.071706
5 0.500000 0.147028 1.000000 0.090167
58 0.492123 0.922767 0.420531 0.094122
21 0.715427 0.147211 0.029167 0.013778
24 0.887087 0.148281 0.033167 0.017317
50 0.600830 0.422539 0.201799 0.070900
47 0.467573 0.631981 0.534993 0.736039
3 0.500000 0.073000 1.000000 0.057000
56 0.491720 0.762178 0.420191 0.177989
7 0.929773 0.146650 0.040816 0.018800
52 0.491731 0.613178 0.420309 0.071633
45 0.860901 0.700253 0.249740 0.556050
23 0.839354 0.146922 0.039681 0.014156
2 0.500000 0.022167 1.000000 0.044333
54 0.491625 0.517886 0.420208 0.071450
22 0.774745 0.148600 0.066476 0.017300
