15 0.470382 0.455731 0.031431 0.015850
20 0.156095 0.230897 0.213337 0.122406
17 0.350030 0.399092 0.101094 0.031572
15 0.912898 0.916292 0.033517 0.015694
15 0.692474 0.916456 0.031295 0.015811
15 0.471469 0.916456 0.030208 0.015744
9 0.156384 0.518606 0.214851 0.962789
10 0.155575 0.367317 0.213260 0.110156
19 0.379408 0.349967 0.159031 0.047733
19 0.548276 0.334844 0.053309 0.016889
19 0.786406 0.334567 0.087187 0.017200
19 0.834793 0.808044 0.183747 0.044689
19 0.568689 0.796461 0.094635 0.021633
19 0.342615 0.794678 0.085951 0.016889
15 0.913566 0.455833 0.032465 0.015778
15 0.691330 0.455886 0.033597 0.015694
17 0.571241 0.371758 0.101094 0.031572
17 0.793137 0.372083 0.101094 0.031567
17 0.793130 0.859464 0.101094 0.031572
17 0.571000 0.832628 0.101090 0.031567
17 0.349710 0.832619 0.101094 0.031572
11 0.111328 0.720761 0.124844 0.558478
8 0.155556 0.092183 0.212882 0.111133
16 0.393413 0.629264 0.210521 0.267650
16 0.614517 0.629850 0.210521 0.267656
16 0.835990 0.629850 0.210521 0.267656
16 0.835990 0.169892 0.210521 0.267650
16 0.614885 0.168131 0.210521 0.267650
16 0.393045 0.169303 0.210521 0.267650
18 0.393356 0.717417 0.211253 0.444522
18 0.614818 0.716367 0.211253 0.444522
18 0.836276 0.717417 0.211253 0.444522
18 0.835620 0.256889 0.211253 0.444522
18 0.614818 0.256889 0.211253 0.444522
18 0.392700 0.257939 0.211253 0.444522
