17 0.571623 0.664272 0.101094 0.031567
11 0.138031 0.035744 0.178424 0.071489
15 0.472375 0.721361 0.028681 0.015778
15 0.693951 0.721356 0.028611 0.016000
15 0.915958 0.721367 0.027431 0.015611
15 0.912823 0.287972 0.033819 0.015778
15 0.691247 0.288078 0.033632 0.015878
15 0.468750 0.288111 0.035799 0.015722
18 0.614710 0.155622 0.211253 0.311244
18 0.836068 0.155658 0.211253 0.311317
18 0.836043 0.536169 0.211253 0.416472
18 0.614689 0.536297 0.211253 0.416472
18 0.393196 0.536003 0.211253 0.416472
18 0.393269 0.155706 0.211253 0.311411
13 0.500000 0.924528 1.000000 0.150944
16 0.393076 0.080592 0.210521 0.161183
16 0.614597 0.081100 0.210521 0.162200
16 0.836201 0.081142 0.210521 0.162283
17 0.792887 0.664411 0.101094 0.031567
16 0.835931 0.461722 0.210521 0.267656
16 0.614580 0.462050 0.210521 0.267656
19 0.802892 0.626981 0.120396 0.017372
19 0.566222 0.626814 0.089639 0.017706
19 0.322354 0.627158 0.045500 0.017461
19 0.786687 0.193086 0.086972 0.017050
19 0.585601 0.194828 0.128799 0.021044
19 0.389201 0.194828 0.178958 0.021044
16 0.393132 0.462033 0.210521 0.267656
9 0.138163 0.035989 0.181590 0.071978
17 0.349918 0.231050 0.101094 0.031567
17 0.571363 0.231231 0.101094 0.031572
17 0.793172 0.231358 0.101094 0.031572
17 0.350068 0.664397 0.101094 0.031572
75 0.327094 0.783247 0.095951 0.042161
