26 0.501420 0.502261 0.904878 0.995479
27 0.258442 0.736425 0.417643 0.270022
28 0.730010 0.339318 0.441885 0.231476
35 0.407571 0.966347 0.713404 0.067305
16 0.271565 0.246592 0.442281 0.477840
29 0.565881 0.084897 0.113863 0.023068
30 0.554670 0.547734 0.091676 0.042906
19 0.624051 0.035181 0.228317 0.033469
17 0.572422 0.179585 0.126366 0.039872
33 0.552589 0.496707 0.087187 0.042879
31 0.662557 0.547728 0.124099 0.042661
32 0.767912 0.547792 0.086735 0.042645
15 0.525544 0.128018 0.031958 0.015033
