20 0.156219 0.766169 0.213333 0.122406
15 0.470677 0.964706 0.031979 0.015889
15 0.692005 0.964769 0.031059 0.016072
2 0.500000 0.022250 1.000000 0.044056
15 0.912352 0.964731 0.033385 0.016194
1 0.135399 0.146628 0.170514 0.061722
5 0.500000 0.147028 1.000000 0.089833
4 0.500410 0.367922 0.900076 0.298178
21 0.715465 0.147111 0.029167 0.013778
18 0.836130 0.779500 0.211253 0.417000
18 0.614648 0.779444 0.211253 0.417000
17 0.792806 0.907875 0.101090 0.031572
17 0.571148 0.907967 0.101094 0.031567
17 0.349898 0.907681 0.101094 0.031572
3 0.500000 0.073575 1.000000 0.056850
23 0.839295 0.147056 0.039681 0.014156
16 0.393347 0.705211 0.210521 0.267656
16 0.614806 0.705211 0.210521 0.267656
16 0.836264 0.704158 0.210521 0.267650
19 0.779899 0.870556 0.073465 0.017556
19 0.538469 0.870475 0.033618 0.017161
19 0.358050 0.870278 0.116608 0.017333
10 0.156214 0.902722 0.213260 0.110156
9 0.156896 0.784875 0.213812 0.430250
7 0.929939 0.146789 0.040816 0.018800
24 0.887115 0.148250 0.033167 0.017322
18 0.393210 0.779411 0.211253 0.417000
8 0.156406 0.627397 0.212882 0.111139
