11 0.138705 0.626886 0.178424 0.454228
19 0.341833 0.569711 0.084042 0.016889
15 0.912708 0.664244 0.033937 0.015922
18 0.393325 0.851958 0.211253 0.296083
15 0.690823 0.664247 0.034528 0.016006
3 0.500000 0.072917 1.000000 0.057389
24 0.887066 0.148303 0.033167 0.017317
19 0.557467 0.569628 0.071524 0.016889
22 0.774780 0.148083 0.066476 0.017300
21 0.715392 0.147000 0.029167 0.013778
15 0.468781 0.664367 0.035597 0.015878
16 0.614497 0.404856 0.210521 0.267656
16 0.393111 0.404856 0.210521 0.267656
19 0.781724 0.569542 0.077455 0.016894
17 0.571339 0.606994 0.101094 0.031567
18 0.614519 0.479086 0.211253 0.416472
16 0.393056 0.838469 0.210521 0.267650
16 0.614903 0.837883 0.210521 0.267656
17 0.349936 0.607494 0.101094 0.031567
8 0.156118 0.327167 0.212882 0.111133
5 0.500000 0.146714 1.000000 0.090661
18 0.836207 0.851489 0.211253 0.296867
16 0.836104 0.837656 0.210521 0.267656
1 0.134580 0.146050 0.170514 0.061722
23 0.839212 0.147161 0.039681 0.014156
17 0.792786 0.606883 0.101094 0.031567
2 0.500000 0.022083 1.000000 0.044167
18 0.393050 0.478881 0.211253 0.416472
18 0.835950 0.478975 0.211253 0.416472
16 0.835955 0.404864 0.210521 0.267650
18 0.614710 0.851958 0.211253 0.296083
9 0.156682 0.562228 0.213816 0.588433
7 0.929894 0.146900 0.040816 0.018800
