11 0.137656 0.414967 0.178127 0.792956
19 0.342896 0.301378 0.086063 0.016889
19 0.569119 0.303328 0.094840 0.020900
15 0.913542 0.423011 0.033499 0.015733
15 0.692651 0.856847 0.032001 0.015783
16 0.393019 0.135819 0.210667 0.267650
9 0.138593 0.415581 0.180563 0.795839
75 0.327311 0.918889 0.095969 0.042556
15 0.471814 0.423139 0.030222 0.015733
15 0.693028 0.423036 0.031338 0.015750
18 0.614932 0.224308 0.211400 0.444517
18 0.393292 0.224150 0.211400 0.444522
18 0.393372 0.670628 0.211400 0.418144
18 0.614995 0.671117 0.211400 0.418144
18 0.836690 0.671253 0.211400 0.418150
18 0.836576 0.224308 0.211400 0.444517
19 0.792238 0.762033 0.097304 0.016889
19 0.554448 0.762033 0.066227 0.016889
17 0.793516 0.800289 0.101161 0.031567
19 0.346126 0.762011 0.092182 0.016889
15 0.914324 0.856864 0.032186 0.015817
15 0.470120 0.856928 0.033735 0.015722
17 0.350387 0.339267 0.101164 0.031567
17 0.572043 0.339583 0.101161 0.031567
17 0.793063 0.366350 0.101164 0.031567
17 0.350285 0.799700 0.101161 0.031567
17 0.571802 0.800336 0.101164 0.031572
19 0.835221 0.314633 0.183902 0.043844
16 0.393443 0.596731 0.210667 0.267650
16 0.615066 0.596731 0.210667 0.267650
16 0.837106 0.597408 0.210667 0.267650
16 0.836682 0.136497 0.210667 0.267650
16 0.615483 0.135139 0.210667 0.267656
