7 0.929611 0.038544 0.040819 0.018800
61 0.500056 0.268311 0.129250 0.045644
23 0.839285 0.038578 0.039681 0.014156
24 0.886979 0.039875 0.033167 0.017317
62 0.499899 0.442042 0.316771 0.071483
21 0.715500 0.038767 0.029167 0.013778
64 0.484340 0.533094 0.285556 0.062611
45 0.861073 0.699214 0.249736 0.556050
66 0.642420 0.543236 0.031917 0.042394
22 0.774797 0.040056 0.066476 0.017300
5 0.500000 0.041833 1.000000 0.083667
67 0.420880 0.603139 0.158469 0.042633
60 0.499970 0.466603 0.450024 0.654072
13 0.368003 0.924361 0.736007 0.151278
