9 0.156719 0.735811 0.213812 0.528378
15 0.912134 0.865767 0.035115 0.015811
22 0.735477 0.049528 0.066476 0.017300
24 0.847326 0.049261 0.033167 0.017322
18 0.614689 0.680181 0.211253 0.417972
18 0.393502 0.680797 0.211253 0.417972
6 0.891255 0.042381 0.026372 0.028861
16 0.614792 0.952942 0.209618 0.094117
7 0.929740 0.047772 0.040819 0.018800
17 0.349649 0.809019 0.101146 0.031439
17 0.571417 0.808903 0.101146 0.031439
17 0.793167 0.808633 0.101146 0.031444
4 0.500017 0.268861 0.900104 0.298167
1 0.135503 0.047483 0.170514 0.061722
10 0.156507 0.803978 0.213257 0.110156
20 0.156003 0.667842 0.213333 0.122406
8 0.156330 0.528839 0.213882 0.111133
23 0.799910 0.047833 0.039681 0.014156
19 0.332337 0.771369 0.066062 0.017594
19 0.568578 0.773378 0.094573 0.021589
5 0.500000 0.048133 1.000000 0.090667
21 0.675885 0.048061 0.029167 0.013778
16 0.392840 0.606650 0.209618 0.266611
16 0.614382 0.605883 0.209618 0.266611
16 0.835448 0.605117 0.209618 0.266611
16 0.836722 0.952942 0.209618 0.094117
11 0.096665 0.939086 0.094309 0.121828
16 0.392858 0.952053 0.209618 0.095894
19 0.823931 0.773197 0.162326 0.021261
18 0.836014 0.680322 0.211236 0.417689
15 0.690582 0.865942 0.035003 0.015917
15 0.470575 0.865928 0.031795 0.015889
