16 0.615487 0.523513 0.210814 0.268252
16 0.615449 0.111631 0.210814 0.223263
16 0.393717 0.111116 0.210814 0.222233
19 0.799543 0.253591 0.111346 0.017539
19 0.577743 0.253419 0.111412 0.017639
19 0.576735 0.688332 0.109047 0.017311
11 0.137234 0.052330 0.178675 0.104660
19 0.355104 0.688391 0.109402 0.017428
19 0.367350 0.253499 0.134075 0.016932
15 0.467420 0.348845 0.039715 0.016008
18 0.393594 0.597425 0.211547 0.417400
15 0.468037 0.783140 0.038780 0.016214
15 0.694691 0.783179 0.028922 0.015958
9 0.136845 0.052881 0.180761 0.105763
18 0.615478 0.597308 0.211547 0.417400
13 0.500000 0.925362 1.000000 0.149276
18 0.837224 0.185924 0.211547 0.371849
18 0.615426 0.186013 0.211547 0.372027
18 0.393726 0.186133 0.211547 0.372266
15 0.913060 0.348867 0.035890 0.015952
15 0.689086 0.348836 0.040070 0.015735
17 0.350271 0.291473 0.101231 0.031643
17 0.571904 0.292004 0.101234 0.031637
17 0.793962 0.291946 0.101234 0.031643
17 0.350280 0.725866 0.101234 0.031643
17 0.572277 0.726047 0.101231 0.031637
16 0.393835 0.523513 0.210814 0.268252
16 0.837149 0.111292 0.210814 0.222584
