2 0.500000 0.022028 1.000000 0.044056
1 0.135031 0.146028 0.170751 0.061722
19 0.780925 0.569606 0.073338 0.016889
19 0.539117 0.569578 0.033588 0.016889
19 0.358533 0.569489 0.116732 0.017422
18 0.837547 0.851458 0.211547 0.297083
5 0.500000 0.146744 1.000000 0.090667
15 0.913599 0.664278 0.033449 0.015833
15 0.693039 0.664222 0.031140 0.015556
15 0.471259 0.664144 0.031954 0.015722
23 0.840598 0.146983 0.039736 0.014156
8 0.156252 0.325967 0.213178 0.111133
22 0.775982 0.148539 0.066568 0.017300
18 0.615638 0.852056 0.211547 0.295889
18 0.393868 0.851717 0.211547 0.296567
17 0.794117 0.607111 0.101231 0.031567
17 0.572265 0.607300 0.101234 0.031567
17 0.350655 0.607131 0.101234 0.031572
16 0.393613 0.404333 0.210814 0.267656
16 0.615761 0.404922 0.210814 0.267656
24 0.888274 0.148372 0.033216 0.017322
11 0.139618 0.667747 0.179875 0.533394
16 0.837173 0.405508 0.210814 0.267650
7 0.931041 0.147172 0.040873 0.018800
16 0.837437 0.837500 0.210814 0.267656
16 0.615292 0.838086 0.210814 0.267650
18 0.837178 0.478583 0.211547 0.418144
18 0.615381 0.478344 0.211547 0.418144
16 0.394245 0.838086 0.210814 0.267650
18 0.393663 0.478378 0.211547 0.418144
3 0.500000 0.072917 1.000000 0.056833
9 0.156205 0.605478 0.214113 0.674933
21 0.716401 0.147228 0.029207 0.013778
