16 0.836135 0.704964 0.210521 0.267650
19 0.357944 0.870208 0.116750 0.017472
19 0.538168 0.870389 0.033594 0.017667
19 0.779868 0.870350 0.073250 0.017300
16 0.614559 0.705700 0.210521 0.267656
17 0.792806 0.907875 0.101090 0.031572
17 0.571148 0.907967 0.101094 0.031567
17 0.349898 0.907681 0.101094 0.031572
22 0.774894 0.148322 0.066476 0.017300
7 0.929852 0.146928 0.040816 0.018800
3 0.499812 0.072297 0.999625 0.056850
21 0.715465 0.147111 0.029167 0.013778
25 0.151491 0.708817 0.223684 0.274933
23 0.839302 0.147056 0.039681 0.014156
9 0.152175 0.785564 0.224976 0.428872
5 0.500000 0.146414 1.000000 0.089383
15 0.470677 0.964706 0.031979 0.015889
18 0.836064 0.779411 0.211253 0.417000
16 0.393056 0.705700 0.210521 0.267656
2 0.500000 0.022083 1.000000 0.044167
18 0.393137 0.779544 0.211253 0.417000
1 0.135342 0.145978 0.170510 0.061722
18 0.614703 0.779494 0.211253 0.417000
15 0.692005 0.964769 0.031059 0.016072
15 0.912352 0.964731 0.033385 0.016194
10 0.155814 0.903000 0.213260 0.110156
24 0.887099 0.148375 0.033170 0.017317
4 0.500470 0.367889 0.900080 0.298178
