19 0.794880 0.934728 0.103295 0.017211
4 0.499780 0.073981 0.900080 0.147961
17 0.349970 0.539033 0.101094 0.031567
16 0.392969 0.336222 0.210521 0.267656
16 0.614990 0.336222 0.210521 0.267656
16 0.835490 0.336222 0.210521 0.267656
16 0.836250 0.770531 0.210521 0.267650
16 0.614990 0.770531 0.210521 0.267650
17 0.571441 0.538833 0.101090 0.031567
16 0.392969 0.769314 0.210521 0.267650
17 0.571589 0.973322 0.101094 0.031567
17 0.349950 0.972792 0.101094 0.031572
15 0.913007 0.595694 0.033576 0.016167
15 0.690590 0.595894 0.035243 0.016111
15 0.470628 0.595850 0.031944 0.016056
19 0.582424 0.936611 0.121542 0.020889
19 0.343707 0.934844 0.086962 0.016978
18 0.614651 0.817492 0.211253 0.365017
18 0.393179 0.817911 0.211253 0.364178
10 0.156194 0.533536 0.213257 0.110161
8 0.156135 0.258550 0.212882 0.111133
9 0.155856 0.600553 0.213816 0.798894
17 0.792939 0.539178 0.101094 0.031567
20 0.156394 0.397600 0.213337 0.122411
17 0.793056 0.973144 0.101090 0.031567
18 0.614613 0.410944 0.211253 0.417000
19 0.332483 0.501286 0.066076 0.016872
18 0.835856 0.410944 0.211253 0.417000
11 0.097325 0.804217 0.097365 0.391567
18 0.836106 0.817778 0.211031 0.364444
18 0.392967 0.410800 0.211253 0.417000
19 0.568543 0.503178 0.094649 0.020889
19 0.797139 0.501486 0.108153 0.017694
