22 0.735321 0.148378 0.066476 0.017300
23 0.799712 0.146900 0.039681 0.014156
13 0.500000 0.677206 1.000000 0.151167
24 0.847655 0.148092 0.033170 0.017317
37 0.085689 0.369069 0.059427 0.013939
21 0.675906 0.147144 0.029167 0.013778
43 0.107101 0.553336 0.114479 0.042650
2 0.500000 0.021861 1.000000 0.043722
40 0.703257 0.430367 0.032049 0.016556
6 0.891380 0.141858 0.026372 0.028861
36 0.503089 0.243625 0.716524 0.081383
41 0.849663 0.491283 0.038174 0.016356
41 0.851484 0.430386 0.035851 0.016361
41 0.851906 0.369036 0.033528 0.016361
42 0.888958 0.553319 0.122528 0.042617
44 0.887451 0.043281 0.208674 0.060383
37 0.102941 0.430181 0.094104 0.014283
3 0.500000 0.072750 1.000000 0.056167
39 0.893701 0.437656 0.026729 0.042600
5 0.500000 0.147372 1.000000 0.090667
38 0.500122 0.438019 0.139222 0.043028
40 0.701885 0.369194 0.033472 0.016389
39 0.893694 0.376606 0.026729 0.042600
38 0.499950 0.376475 0.139226 0.043028
1 0.135090 0.145622 0.170514 0.061722
7 0.929833 0.146833 0.040819 0.018800
