48 0.382507 0.422003 0.201896 0.071706
7 0.929865 0.146689 0.040819 0.018800
5 0.500000 0.147000 1.000000 0.090333
56 0.491738 0.762117 0.420191 0.177989
1 0.135378 0.146867 0.170514 0.061722
21 0.715441 0.147039 0.029167 0.013778
58 0.491984 0.922706 0.420531 0.094122
50 0.600823 0.422378 0.201799 0.070900
23 0.839233 0.146839 0.039681 0.014156
52 0.491703 0.613139 0.420309 0.071633
24 0.887017 0.148275 0.033167 0.017317
3 0.500000 0.073056 1.000000 0.057000
54 0.491566 0.517714 0.420208 0.071450
47 0.499948 0.632000 0.600104 0.736000
22 0.774589 0.148567 0.066476 0.017300
2 0.500000 0.022167 1.000000 0.044333
