18 0.836109 0.252917 0.211253 0.444389
18 0.614595 0.253250 0.211253 0.444389
19 0.564958 0.790886 0.087306 0.017783
17 0.571321 0.368725 0.101094 0.031572
19 0.326726 0.790842 0.053424 0.016983
16 0.835622 0.626231 0.210521 0.267650
16 0.614684 0.625322 0.210521 0.267656
16 0.614757 0.164811 0.210521 0.267656
16 0.392774 0.624572 0.210521 0.267656
16 0.836316 0.165239 0.210521 0.267656
18 0.392905 0.700550 0.211253 0.417000
16 0.392792 0.165150 0.210521 0.267656
17 0.349700 0.368092 0.101094 0.031572
18 0.393280 0.253353 0.211253 0.443672
17 0.792649 0.829025 0.101090 0.031572
17 0.792976 0.395317 0.101090 0.031567
75 0.363385 0.947767 0.168639 0.042733
19 0.351911 0.332322 0.103573 0.020889
19 0.568622 0.331881 0.094424 0.021572
17 0.349804 0.828703 0.101094 0.031572
9 0.155345 0.435903 0.213816 0.867639
18 0.614474 0.700422 0.211253 0.417000
17 0.571318 0.828933 0.101094 0.031567
11 0.138936 0.435872 0.179559 0.862811
15 0.914563 0.885811 0.030250 0.015889
15 0.692023 0.885989 0.032490 0.015989
15 0.469688 0.885883 0.033681 0.015722
15 0.913323 0.452044 0.031326 0.016067
15 0.695054 0.452050 0.026434 0.015744
15 0.469760 0.451956 0.033681 0.015833
19 0.822491 0.345294 0.159392 0.047522
19 0.785488 0.790842 0.086247 0.017428
18 0.836123 0.700550 0.211253 0.417000
