31 0.661922 0.828739 0.123927 0.042567
15 0.523153 0.330389 0.028472 0.016000
1 0.134528 0.145967 0.170514 0.061722
16 0.270519 0.452456 0.441851 0.486756
7 0.929762 0.146606 0.040816 0.018800
32 0.766964 0.828986 0.086615 0.042550
22 0.735651 0.148661 0.066476 0.017300
27 0.258851 0.941367 0.417062 0.117267
2 0.500000 0.022028 1.000000 0.044056
26 0.500731 0.601833 0.905830 0.796333
30 0.553903 0.828875 0.091549 0.042817
5 0.500000 0.146969 1.000000 0.090661
6 0.891273 0.141742 0.026372 0.028861
28 0.728476 0.581017 0.440965 0.312411
24 0.847807 0.148222 0.033170 0.017322
23 0.799920 0.146928 0.039681 0.014156
29 0.573865 0.287264 0.131347 0.023017
3 0.500000 0.072778 1.000000 0.057111
21 0.676201 0.146939 0.029167 0.013778
19 0.561033 0.237636 0.105448 0.033928
17 0.571703 0.380861 0.126191 0.039778
33 0.551766 0.777789 0.087066 0.042778
