21 0.715410 0.147011 0.029167 0.013778
7 0.929714 0.146864 0.040816 0.018806
1 0.135292 0.145889 0.170514 0.061722
23 0.839323 0.146717 0.039681 0.014156
70 0.500278 0.430253 0.316215 0.071750
3 0.500000 0.072778 1.000000 0.057556
72 0.420813 0.504906 0.158542 0.042578
5 0.500000 0.146711 1.000000 0.089756
24 0.887030 0.148264 0.033170 0.017317
13 0.500000 0.753672 1.000000 0.151167
69 0.500007 0.435275 0.450118 0.342228
22 0.774807 0.148511 0.066476 0.017300
2 0.500000 0.022056 1.000000 0.044111
