22 0.774835 0.148600 0.066476 0.017300
28 0.728802 0.540744 0.441271 0.230956
33 0.551731 0.697850 0.087066 0.042778
15 0.524861 0.330267 0.031910 0.015611
2 0.500000 0.022000 1.000000 0.044000
24 0.887016 0.148239 0.033170 0.017322
30 0.553905 0.748878 0.091552 0.042811
26 0.501132 0.604861 0.902389 0.790278
21 0.715337 0.147011 0.029167 0.013778
17 0.571524 0.381222 0.126188 0.039778
32 0.766839 0.748944 0.086615 0.042556
7 0.929753 0.146617 0.040819 0.018800
5 0.499986 0.147056 0.999972 0.090556
31 0.661627 0.748811 0.123927 0.042567
1 0.135014 0.147556 0.170514 0.061722
23 0.839337 0.147283 0.039681 0.014156
29 0.565120 0.286800 0.113705 0.023011
27 0.258319 0.901850 0.417062 0.196300
16 0.270868 0.448333 0.441667 0.476778
3 0.500000 0.073000 1.000000 0.057556
19 0.623200 0.237367 0.228240 0.034056
