18 0.614755 0.496072 0.211253 0.417000
18 0.393050 0.495978 0.211253 0.417000
18 0.836217 0.496072 0.211253 0.417000
19 0.559852 0.586381 0.077587 0.016894
19 0.362571 0.586347 0.124858 0.016894
15 0.913615 0.681397 0.032340 0.015750
16 0.393243 0.420108 0.210521 0.267650
9 0.156300 0.603169 0.213816 0.793661
16 0.614628 0.420894 0.210521 0.267656
16 0.836014 0.421681 0.210521 0.267650
20 0.156441 0.400058 0.213333 0.122406
4 0.499896 0.075350 0.900076 0.150700
8 0.156431 0.261633 0.212882 0.111133
11 0.096007 0.805669 0.094653 0.388661
10 0.156007 0.537139 0.213257 0.110156
19 0.791806 0.586564 0.097236 0.016894
15 0.691297 0.681339 0.032587 0.015822
15 0.468941 0.681431 0.035389 0.016006
17 0.793010 0.624392 0.101090 0.031572
17 0.571719 0.624667 0.101090 0.031567
17 0.349738 0.624631 0.101094 0.031572
