3 0.500000 0.072556 1.000000 0.056889
7 0.929825 0.146856 0.040816 0.018800
60 0.500141 0.574842 0.450024 0.654072
24 0.886986 0.148197 0.033167 0.017317
23 0.839427 0.147078 0.039681 0.014156
66 0.642399 0.651431 0.031868 0.042394
22 0.774905 0.148494 0.066476 0.017300
67 0.420911 0.711781 0.158469 0.042628
5 0.500000 0.146678 1.000000 0.090667
2 0.500000 0.022028 1.000000 0.044056
1 0.135075 0.146089 0.170510 0.061722
21 0.715326 0.147083 0.029167 0.013778
64 0.484425 0.641703 0.285524 0.062617
61 0.499986 0.376742 0.129250 0.045639
62 0.499929 0.550275 0.316774 0.071483
