7 0.929950 0.146839 0.040816 0.018800
61 0.500010 0.376731 0.129250 0.045639
24 0.887076 0.148300 0.033167 0.017322
1 0.134896 0.146253 0.170514 0.061717
2 0.500000 0.022083 1.000000 0.044167
68 0.500017 0.890689 0.395854 0.064522
3 0.500000 0.072583 1.000000 0.056611
60 0.500182 0.611861 0.450156 0.727278
21 0.715434 0.147072 0.029167 0.013778
67 0.420941 0.711611 0.158472 0.042633
64 0.484352 0.641550 0.285392 0.062611
66 0.642354 0.651522 0.032139 0.042389
62 0.499934 0.550208 0.316771 0.071483
23 0.839295 0.146989 0.039681 0.014156
5 0.500000 0.146656 1.000000 0.089867
22 0.774769 0.148728 0.066476 0.017300
