20 0.156240 0.765914 0.213333 0.122406
22 0.735196 0.148478 0.066476 0.017300
21 0.675785 0.147017 0.029167 0.013778
23 0.799549 0.146772 0.039681 0.014156
1 0.134675 0.146950 0.170510 0.061722
5 0.500000 0.147372 1.000000 0.090667
4 0.499727 0.368017 0.900080 0.298178
2 0.500000 0.022167 1.000000 0.044333
3 0.500000 0.072944 1.000000 0.056444
8 0.155927 0.627744 0.213882 0.111133
10 0.155983 0.902464 0.213257 0.110161
18 0.393043 0.785481 0.211253 0.429039
18 0.614918 0.786267 0.211253 0.427467
18 0.836304 0.785875 0.211253 0.428250
24 0.847377 0.148314 0.033170 0.017317
6 0.891054 0.141686 0.026372 0.028861
17 0.571330 0.907575 0.101146 0.031439
17 0.792899 0.908081 0.101146 0.031439
17 0.349785 0.934719 0.101146 0.031439
19 0.379425 0.885264 0.159233 0.048517
19 0.548123 0.870467 0.053309 0.017489
19 0.786628 0.869922 0.087132 0.017889
16 0.393149 0.705206 0.209618 0.266611
16 0.614882 0.705867 0.209618 0.266611
16 0.835781 0.705206 0.209618 0.266611
9 0.155568 0.785511 0.213816 0.428978
15 0.913528 0.991414 0.032264 0.016061
15 0.691316 0.991453 0.033840 0.015617
15 0.470316 0.991475 0.031424 0.015917
7 0.929833 0.146833 0.040819 0.018800
